desi_paper_data/fig_26_a_lbg_xmm.ecsv
# %ECSV 1.0
# ---
# datatype:
# - {name: ra, datatype: float64}
# - {name: dec, datatype: float64}
# schema: astropy-2.0
ra dec
[from data line 432]
36.34294848893228 -5.344209407394318
36.25241285548213 -5.301132545562563
36.19278513839839 -5.318258819288806
36.29291131216496 -5.287036237725376
36.27412543443563 -5.281868742939501
36.33936522864591 -5.264902458682166
36.32030577607689 -5.2456185814471015
36.26022305437275 -5.195380088699141
36.22113903117556 -5.191090400913262
36.22342099435412 -5.189599062493571
36.33769656694377 -5.183733451628014
36.25816251172697 -5.120051905984445
36.2701620880537 -5.107610711323655
36.20386280124398 -5.101799750392612
36.270504590537534 -5.061229493247071
36.243941226000345 -5.05013459486994
36.35141424537999 -5.032251227783063
36.25779125527384 -5.016879533307985
36.23004147715958 -5.010464373146367
36.17501603783894 -5.00197202322113
36.29243692443452 -4.998968150858306
36.3055383950245 -4.9613988102530335
36.32952834148849 -4.878478648168161
36.32670823375073 -4.855653722522128
36.33478294966125 -4.845384483320324
36.33150209639899 -4.842562194721985
36.18207685639868 -4.836372278256893
36.21302867454749 -4.774732470947441
36.34032123262116 -4.777975185575772
36.3007137183919 -4.789169821591751
36.29658286918188 -4.698481117077249
36.190744186802654 -4.671550495544097
36.311076594440415 -4.650750781505579
36.194734948442125 -4.5573864932137145
36.33224012882327 -4.528937805425609
36.32191811328477 -4.508860737528381
36.350339900505055 -4.489790719484648
36.25424163304685 -4.478458421089178
36.272960553568936 -4.444438000481258
36.23673510970309 -4.433508981563958
36.236130924063126 -4.403047322704737
36.26205046685525 -4.405071800923165
36.0074156515828 -5.852727698508403
36.123243932160825 -5.790364921632403
36.08669750067441 -5.777938866709496
36.06629912851552 -5.775728768812752
36.0054397544518 -5.720699725981412
36.08455897485341 -5.727993858368097
36.125827958329886 -5.730441453894347
36.10494779881288 -5.657524293916975
36.06467981736353 -5.650927749527719
36.01888722098661 -5.647511695151895
36.04180240916758 -5.6456097237940135
36.11089264658979 -5.640547626201163
36.16920559764893 -5.635231300888931
36.09597413630711 -5.615805555515261
36.05052717536587 -5.59378443553602
36.15894268828847 -5.588232750094148
35.99323224711372 -5.57545190189422
36.06161282329325 -5.575260797661492
36.10939619248737 -5.570422963484568
36.00714067018697 -5.56992945419703
35.998325559759515 -5.522947931298635
36.1349721794398 -5.534123483415214
36.11670843404461 -5.425986697237699
36.10524116781919 -5.415425813705859
36.06423370221514 -5.414953705679305
36.11962049071664 -5.341465825920462
36.11219324892432 -5.350159602477728
36.12298923493401 -5.36377276507135
36.03603413722887 -5.366213793120355
36.13151684497449 -5.309631761268535
36.059862359376574 -5.2316606053099965
36.04329192138989 -5.218525757353824
36.13209324318792 -5.18092081738467
36.060165904631454 -5.117269009429651
36.13691926028401 -5.133757212639631
36.1303818440548 -5.144661682653611
36.063242248030114 -5.144669687121706
36.077857218670005 -5.094561610667059
35.99191133962896 -5.094866383187438
36.018312306653606 -5.078185057964981
36.10688339963996 -5.056317323436972
36.10036283489454 -5.05130756344925
36.1656118240244 -5.042455028438087
36.143489653342 -5.021294878095228
36.16209164339545 -4.9752850723340885
36.00082968450056 -4.9901242416296245
36.07919624109376 -4.937577079085915
35.98482185107681 -4.937830187267624
36.1707254108106 -4.9531920214570455
36.03994639683935 -4.957362540228763
36.15902135111982 -4.957744441244912
36.08231776844077 -4.906564380333144
36.056256022437765 -4.828309749434966
36.01632835740581 -4.821382094531822
36.12416153966912 -4.81902451611065
36.15090240487309 -4.735218011959938
36.02978988367895 -4.683765984592951
36.07669636576805 -4.65922601812325
36.14841897648994 -4.645794864795043
36.07132530732862 -4.596263074973117
36.03006005767882 -4.600610267255603
36.13475823717553 -4.5409504999411725
36.07546865282316 -4.536433735593665
36.16945922127066 -4.518618978406871
36.00443655725645 -4.489826168039861
36.10256966701991 -4.450427433150352
36.02167962962516 -4.445207976736227
35.99544483570713 -4.370204542073767
36.13378718797349 -4.377134952357517
35.9925527964179 -4.3850886124049016
36.159603339832216 -4.390130318194471
35.900506278752545 -5.787183715710671
35.804959360360755 -5.724746176835896
35.84334400648601 -5.66113739641921
35.98007091295225 -5.629573821764806
35.970761419359086 -5.61888364782974
35.90021679315187 -5.538994105321309
35.83111065014331 -5.547435152206929
35.902299111430764 -5.472860360315554
35.849579824473224 -5.466485502442313
35.812127158556365 -5.415861399567103
35.93751039927984 -5.414228128889612
35.96271493894087 -5.351556003465471
35.90135299115022 -5.361735886403683
35.92253252285994 -5.306295846428917
35.87890686188493 -5.305999679080378
35.85467680781384 -5.285510177386662
35.81471739366863 -5.2727267877287565
35.85885935470109 -5.267552089218034
35.93063533448169 -5.211156739158299
35.944604053106254 -5.189623946487547
35.90465279318057 -5.163445411587134
35.88520377755663 -5.167399431040448
35.908534250784925 -5.124092347162772
35.90013882250939 -5.150997789473218
35.95626175168713 -5.108962025208869
35.949932120830915 -5.096399168007951
35.95569908462409 -5.081552728863136
35.884110607494456 -5.056919623613943
35.82572960833687 -5.043363992803116
35.93007115473898 -4.984920285547166
35.85948859827492 -4.9953376792426445
35.94521865900796 -4.958852082910242
35.916970199930326 -4.967474508312503
35.85741813238783 -4.910872134655859
35.87307188568456 -4.823579850476885
35.88555725450187 -4.779256863564753
35.84717281250911 -4.782587100697627
35.95505183079238 -4.745532495866277
35.91588529687612 -4.761840393088442
35.817276024039806 -4.639609639350305
35.812241764278845 -4.5587331160603926
35.840506176268335 -4.56777670263165
35.95916904360276 -4.575643649365958
35.9405837760007 -4.607394309389081
35.89220162025196 -4.458549907883495
35.85259813082714 -4.457234513246426
35.953799205352176 -4.454690294192473
35.93226500304709 -4.368451879816676
35.81789065676592 -4.370807798688981
35.94151641302569 -4.38390406894918
35.969070723300426 -4.394930836882294
35.907632080340306 -4.414180231210108
35.703899742126325 -5.847635442304996
35.7062810232963 -5.83746684630789
35.73359302705476 -5.799137757723266
35.71141657580614 -5.738521680853989
35.72445762496025 -5.739891309183664
35.74095158334498 -5.684022657238785
35.73835025054393 -5.662212326674188
35.66236010222852 -5.6291855278285015
35.650331145466595 -5.575142873635985
35.76400149680352 -5.54137449690515
35.657180969038755 -5.4962232357176655
35.762130037545425 -5.515213314956753
35.68751251987423 -5.476009353462689
35.71542854061812 -5.446690896306684
35.676801789403115 -5.429024944365379
35.65008125932931 -5.401680713120004
35.69891825462528 -5.397143823511708
35.75434727185817 -5.3851691733632565
35.71076353369277 -5.349144458638164
35.75003427998597 -5.310330528304844
35.73516570213093 -5.28366840990298
35.70384862913845 -5.283625380334049
35.61513928423845 -5.235930174924731
35.70314162271928 -5.235025225083364
35.74870491976959 -5.205660733603833
35.70118115945876 -5.198524939115367
35.769953204177085 -5.152902648145323
35.70251583892169 -5.13157478531578
35.73121447051686 -5.138413847827965
35.74359250714692 -5.104649095768502
35.734690224838474 -5.076433176339771
35.72443741274083 -5.069062323455244
35.686906837563555 -5.041398824815135
35.79245954982653 -5.036857689866223
35.621522955591324 -5.0271823016809405
35.70773631806495 -4.984263896672974
35.70832022622552 -4.996121619723622
35.71787042449348 -4.926726264670354
35.65015675729191 -4.847487219296921
35.616898587240804 -4.845212711531278
35.60997660186621 -4.837556588420477
35.66605821061593 -4.834771994398583
35.79405109062902 -4.823921642071573
35.69855175035697 -4.804343502848861
35.73565485109685 -4.7705204559211465
35.65111413632219 -4.7271513935068095
35.77262209960788 -4.699675514600762
35.67311155400307 -4.6576576012913575
35.62002790927363 -4.640404208699116
35.76551639735684 -4.608628175212294
35.651566150061825 -4.547616967125009
35.708733256526365 -4.541430822825643
35.73499289248078 -4.508496210282115
35.71015231145621 -4.439989793646213
35.78054717248303 -4.432457594573621
35.7949117024933 -4.3675835254045925
35.74178693920258 -4.393702103904851
35.68711071780176 -4.399671764876228
35.74877131588197 -4.411658004645266
35.78394773954379 -4.416203643250107
35.466300045112945 -5.893174424143864
35.492857815293576 -5.836377459529302
35.504958249452336 -5.79683370329659
35.48816430421196 -5.785169538838059
35.548501737150616 -5.699967294610376
35.552374127181025 -5.719245261333992
35.6066192569867 -5.722450632528432
35.45556588081191 -5.727818631938608
35.48551703767667 -5.741009060878759
35.47171459811867 -5.744498514771983
35.50066759868732 -5.74560357739652
35.484554554210106 -5.68469518120602
35.42115722399377 -5.670915353338877
35.43730250744895 -5.665804430398045
35.52070604300815 -5.659754833205005
35.511079108420816 -5.638077886104216
35.44714945400576 -5.616523221302509
35.58435264921262 -5.60796736527706
35.46896994469936 -5.598003463875371
35.453316915916346 -5.597722451118151
35.53721165471696 -5.571999846303712
35.60687902278426 -5.555521019608417
35.53650767567317 -5.502693605751783
35.59156396533866 -5.498653438614848
35.53685997521915 -5.517081894138114
35.4491967240857 -5.524715341917229
35.47861809130287 -5.455607277024402
35.51645147258796 -5.422257982015421
35.442051109492205 -5.407339692737774
35.4418884137333 -5.38809218437157
35.5897420030264 -5.35082954098162
35.52302620416265 -5.359370630532354
35.541157388421425 -5.3118002005026925
35.493566222849886 -5.297979905728157
35.5040986315909 -5.2838821548220976
35.58396845476366 -5.282620524066526
35.554839307386594 -5.252583251072306
35.488841619763434 -5.222675774273438
35.48136256530285 -5.217898835058603
35.54572375088757 -5.20556371913637
35.5131315831284 -5.159765283939448
35.608576754080346 -5.182996183779586
35.582889795463515 -5.090706771988098
35.440540375497 -5.080452142987794
35.461361098069865 -5.0714155909624274
35.58629854869092 -5.068324815909117
35.429682448901445 -5.041642858139896
35.45600242517903 -5.01840480399244
35.570132859266465 -5.015413318831215
35.559395680282925 -4.983845537537145
35.45181196593299 -4.98836039707709
35.486542454783724 -4.993046957247947
35.48119475748517 -4.947659298491549
35.47337380533036 -4.86098050170184
35.47927153400531 -4.858745015376377
35.5960773485089 -4.826407579054949
35.60055592346929 -4.782205157638068
35.53516736377621 -4.735371925436797
35.429940971694435 -4.71959571198655
35.475592427613954 -4.714264045332326
35.44794382266919 -4.705879335434666
35.59350660356968 -4.656546897266217
35.46523932041441 -4.5599935731529575
35.435102558599375 -4.567497485789808
35.525598779434794 -4.605649879059367
35.5499358244259 -4.465249585344197
35.434198903679935 -4.461804675717228
35.60750098114305 -4.390778121656365
35.57051336056016 -4.419005594368162
35.31802222001563 -5.82146225260179
35.357486604106256 -5.816228096492429
35.26853430267435 -5.812821663951015
35.23955439320105 -5.782770362894261
35.411107586859806 -5.690610657728277
35.32199263696911 -5.69207955792074
35.33408066190027 -5.693851996522128
35.29075460989416 -5.688624594135487
35.40514287028282 -5.71076760326351
35.41220869174735 -5.711059594188311
35.23637962774381 -5.713179089497944
35.39069966856247 -5.721824685714855
35.31222727384452 -5.722729072216591
35.33255850647467 -5.723275494300173
35.31666702000674 -5.761814542666995
35.23369487865449 -5.648695917581632
35.2936859086077 -5.641324707451325
35.27088577484692 -5.637751680803221
35.322760047977674 -5.607807631602778
35.353764170112825 -5.497363520635557
35.2789318473736 -5.4163143714187765
35.32288797493118 -5.409366960204667
35.3838856802632 -5.409160043623944
35.38574798831869 -5.396499635557621
35.36092486459101 -5.384450402581323
35.2942054401135 -5.338972954294232
35.27950983850407 -5.329428196681637
35.384583386720976 -5.272019468711132
35.387104948662945 -5.266207391881702
35.38633906382965 -5.2416834563750045
35.35065901110833 -5.242671385269525
35.26575479435245 -5.229685918277348
35.34825153598664 -5.222713842209549
35.24262566520358 -5.205809956450488
35.418450383321414 -5.196730630422495
35.321541079604096 -5.167830029917465
35.410362183250854 -5.116304032605248
35.359802495730136 -5.118393645435307
35.31287784668148 -5.139563996672103
35.31492246213902 -5.100925530761815
35.259954182877145 -5.093368686750109
35.36110613049061 -5.089040733787652
35.37664836955629 -5.083138157871095
35.36050958126095 -5.01446457945782
35.3088521743426 -4.940847672170708
35.39763423594061 -4.928769708032975
35.30711266763364 -4.921740899222196
35.2997913011221 -4.88181224894682
35.3891749143626 -4.822687700815487
35.35247981958916 -4.759396570087896
35.23801104561523 -4.740437883878431
35.27873984743788 -4.7164143128871565
35.40503111314509 -4.710486324426738
35.36640673053787 -4.701654063058178
35.235904111861096 -4.647992961358918
35.41836755504132 -4.638790226073088
35.39823826886742 -4.619602746303253
35.31789580854047 -4.536406285006929
35.39019647591869 -4.532633745736854
35.36331534523409 -4.494214496162122
35.26997072186994 -4.459550881273669
35.33871223028818 -4.383627530387141
35.261928817261214 -4.395680072382088
35.37815910248365 -4.40168791969964
35.172773362501715 -5.6803271827865975
35.19311947449194 -5.702937601406735
35.18275453573483 -5.707196171527842
35.21886862012048 -5.716348781532564
35.167623591892266 -5.672549816768379
35.19063805016771 -5.620543281651065
35.136514585161926 -5.604300829158081
35.160181220484944 -5.579082948212487
35.14988604161561 -5.519645460262738
35.11352707497642 -5.510340909475833
35.167296297666816 -5.515149580926476
35.10346717511034 -5.531723352040988
35.13235033245203 -5.562132062554274
35.19824098961262 -5.563923726756942
35.0913359739173 -5.476679397575579
35.17946268681116 -5.46599087613402
35.17907768911512 -5.462658234121613
35.129111756737295 -5.453384227281807
35.07497402563031 -5.362153504484072
35.20707530340108 -5.360438481898678
35.16974150778194 -5.310378757666368
35.200426124076245 -5.320902720824562
35.194661439788185 -5.346666412758238
35.20221486270954 -5.28955971199051
35.10120021713827 -5.285717377269417
35.18278000719826 -5.259097804379955
35.12110907276078 -5.252781549886748
35.09781646123392 -5.234417695422248
35.22300624593755 -5.2133252271964015
35.193964765601244 -5.193647405235193
35.12934636910338 -5.188936595737654
35.11886604990015 -5.137534364164961
35.16025160142805 -5.127564347353687
35.15620408225728 -5.112928710671117
35.15526291983762 -5.042668752761391
35.08483048909535 -5.039392727596525
35.12739039422387 -5.027277007367593
35.06394137167986 -5.007110962121317
35.195604566949456 -4.961598767631859
35.15080948718474 -4.969773538765188
35.19969721018362 -4.944342099962829
35.06416704388301 -4.914281427422572
35.20194438510523 -4.870372141377685
35.20844974714965 -4.821922831185524
35.124157889730576 -4.776354266824368
35.09249932174863 -4.784222282302132
35.09338042055676 -4.743207309370788
35.13402099330546 -4.750143477374155
35.07672842474108 -4.728563543401037
35.20911143806804 -4.725496628274353
35.10235668530459 -4.719406855773999
35.07228773305635 -4.6830268647275135
35.13366259971242 -4.669798039029158
35.18614037817716 -4.669474169189388
35.073764934481595 -4.60644540341151
35.080892897655254 -4.591727706789065
35.17699815542063 -4.520692617612913
35.18749327345585 -4.450961090977699
35.14944365433924 -4.414047389023028
35.23122236095976 -4.392121069124575
34.89034233395029 -4.44204219448101
37.2906266905438 -4.765615985110501
37.35686347048024 -4.790788728139478
37.17768483155288 -5.116726299874235
37.09800491060654 -5.067344707700313
37.13011466562636 -5.057113274626082
37.12825052114529 -5.021581036646076
37.264319951185485 -5.019109258034834
37.23136079421789 -5.019255289993014
37.18789234938016 -4.976149256601602
37.12836520924056 -4.977103848544298
37.23529463570872 -4.909756111575593
