desi_paper_data/fig_17.ecsv
# %ECSV 1.0
# ---
# datatype:
# - {name: photo-z, datatype: float64}
# - {name: n_lbg, datatype: float64}
# - {name: n_lbg_refined, datatype: float64}
# - {name: n_lbg_low_z, datatype: float64}
# - {name: n_lbg_high_z, datatype: float64}
# schema: astropy-2.0
photo-z n_lbg n_lbg_refined n_lbg_low_z n_lbg_high_z
1.76 13.0 5.0 20.0 2.0
1.8 11.0 6.0 27.0 0.0
1.8399999999999999 13.0 4.0 25.0 0.0
1.88 21.0 12.0 45.0 4.0
1.92 24.0 14.0 57.0 1.0
1.96 36.0 23.0 112.0 1.0
2.0 55.0 41.0 156.0 2.0
2.04 50.0 34.0 161.0 0.0
2.08 75.0 61.0 233.0 1.0
2.12 94.0 71.0 251.0 0.0
2.16 100.0 88.0 290.0 1.0
2.2 91.0 79.0 227.0 0.0
2.2399999999999998 72.0 67.0 204.0 7.0
2.28 134.0 122.0 242.0 1.0
2.32 191.0 167.0 278.0 2.0
2.36 161.0 150.0 216.0 2.0
2.4 158.0 145.0 194.0 3.0
2.44 147.0 143.0 144.0 3.0
2.48 169.0 159.0 128.0 2.0
2.52 225.0 203.0 155.0 1.0
2.56 205.0 194.0 128.0 10.0
2.6 191.0 172.0 105.0 5.0
2.64 188.0 169.0 87.0 10.0
2.68 179.0 170.0 62.0 10.0
2.72 182.0 179.0 39.0 8.0
2.7600000000000002 199.0 183.0 21.0 12.0
2.8000000000000003 245.0 239.0 15.0 31.0
2.8400000000000003 241.0 231.0 8.0 28.0
2.8800000000000003 280.0 270.0 2.0 72.0
2.92 284.0 258.0 2.0 114.0
2.96 245.0 225.0 1.0 145.0
3.0 224.0 195.0 2.0 148.0
3.04 215.0 184.0 3.0 158.0
3.08 214.0 179.0 3.0 158.0
3.12 192.0 160.0 2.0 153.0
3.16 185.0 124.0 0.0 121.0
3.1999999999999997 176.0 114.0 1.0 111.0
3.2399999999999998 148.0 97.0 7.0 91.0
3.28 154.0 64.0 4.0 59.0
3.32 123.0 34.0 7.0 30.0
3.36 112.0 20.0 2.0 20.0
3.4 93.0 15.0 6.0 10.0
3.44 56.0 11.0 10.0 3.0
3.48 22.0 5.0 9.0 1.0
