desi_paper_data/fig_7_e.ecsv
# %ECSV 1.0
# ---
# datatype:
# - {name: redshift, datatype: float64}
# - {name: g_r, datatype: float64}
# - {name: no_lae, datatype: bool}
# schema: astropy-2.0
redshift g_r no_lae
2.542099952697754 0.09600000000000009 False
3.4842000007629395 0.7409999999999997 False
2.3219499588012695 0.013000000000001677 False
2.940000057220459 0.5269999999999975 False
3.243000030517578 0.6509999999999998 False
2.865950107574463 0.5450000000000017 False
2.6875 0.26099999999999923 False
2.6638500690460205 0.16400000000000148 False
2.442699909210205 0.11899999999999977 False
2.7799999713897705 0.39399999999999835 False
2.9541499614715576 0.4540000000000006 False
2.5394999980926514 0.0710000000000015 False
2.789099931716919 0.352999999999998 False
2.6236000061035156 0.030000000000001137 False
2.7904999256134033 0.3039999999999985 False
2.7827999591827393 0.39599999999999724 False
3.1840999126434326 0.6900000000000013 False
2.787899971008301 0.26200000000000045 False
3.123300075531006 0.4969999999999999 False
3.086899995803833 0.5240000000000009 False
3.126300096511841 0.33399999999999963 False
3.200550079345703 0.5179999999999971 False
2.9412500858306885 0.4039999999999999 False
3.0527501106262207 0.379999999999999 False
2.5685501098632812 0.13899999999999935 False
2.799149990081787 0.16300000000000026 False
2.534950017929077 0.20899999999999963 False
2.362449884414673 0.3150000000000013 False
3.071199893951416 0.5960000000000001 False
2.8015999794006348 0.3039999999999985 False
3.232800006866455 0.7420000000000009 False
3.1805999279022217 0.39399999999999835 False
2.769700050354004 0.4579999999999984 False
3.0334999561309814 0.42700000000000315 False
2.946150064468384 0.45200000000000173 False
3.0957999229431152 0.647000000000002 False
2.711899995803833 0.13200000000000145 False
2.915750026702881 0.5360000000000014 False
2.970599889755249 0.43400000000000105 False
3.0899999141693115 0.35300000000000153 False
2.822200059890747 0.972999999999999 False
2.9148499965667725 0.3760000000000012 False
3.052799940109253 0.4629999999999974 False
2.9784998893737793 0.48300000000000054 False
2.690200090408325 0.25 False
3.2671000957489014 0.6290000000000013 False
2.8216500282287598 0.35300000000000153 False
3.4422500133514404 0.48799999999999955 False
2.728800058364868 0.2029999999999994 False
2.8629000186920166 0.34299999999999997 False
2.4860498905181885 0.0920000000000023 False
2.4429500102996826 0.06700000000000017 False
2.648699998855591 0.15700000000000003 False
3.046600103378296 0.16799999999999926 False
2.4707999229431152 0.21300000000000097 False
2.5406999588012695 0.34299999999999997 False
2.559999942779541 0.14899999999999736 False
2.4748499393463135 0.14699999999999847 False
2.419250011444092 0.10900000000000176 False
2.8384499549865723 0.29499999999999815 False
3.5286500453948975 0.9349999999999987 False
2.4660000801086426 0.0799999999999983 False
2.746799945831299 0.16499999999999915 False
2.650099992752075 0.11600000000000321 False
2.948050022125244 0.402000000000001 False
2.9775500297546387 0.6709999999999994 False
3.055299997329712 0.6870000000000012 False
3.2778000831604004 0.47600000000000264 False
2.9123499393463135 0.6030000000000015 False
2.626800060272217 0.07600000000000051 False
3.3139500617980957 0.6170000000000009 False
3.2151501178741455 0.38400000000000034 False
3.1397500038146973 0.43200000000000216 False
3.2933499813079834 0.4759999999999991 False
2.6772499084472656 0.3689999999999998 False
3.0909500122070312 0.26200000000000045 False
2.869649887084961 0.365000000000002 False
2.6600000858306885 0.1739999999999995 False
2.3589000701904297 0.04199999999999804 False
3.5010499954223633 0.9499999999999993 False
2.701900005340576 0.45500000000000185 False
3.1431500911712646 0.5339999999999989 False
2.7567999362945557 0.232999999999997 False
2.3654000759124756 0.14699999999999847 False
2.6933000087738037 0.07099999999999795 False
2.8408000469207764 0.25900000000000034 False
2.3730499744415283 0.16199999999999903 False
2.875200033187866 0.13300000000000267 False
3.4598500728607178 0.7310000000000016 False
3.2922000885009766 0.29699999999999704 False
2.485100030899048 0.18499999999999872 False
3.5260000228881836 0.9359999999999999 False
2.7539000511169434 0.17299999999999827 False
2.899899959564209 0.22299999999999898 False
3.0986499786376953 0.4930000000000021 False
2.9623000621795654 0.33000000000000185 False
2.749350070953369 0.25700000000000145 False
3.0881500244140625 0.5700000000000003 False
2.805500030517578 0.48900000000000077 False
3.2844998836517334 0.593 False
3.1352500915527344 0.6709999999999994 False
3.491849899291992 0.9619999999999997 False
2.8617498874664307 0.402000000000001 False
2.7929000854492188 0.48900000000000077 False
2.5488998889923096 0.04100000000000037 False
2.5164999961853027 0.1739999999999995 False
2.692199945449829 0.25400000000000134 False
3.1775500774383545 0.41499999999999915 False
2.9367499351501465 0.48100000000000165 False
2.7100000381469727 0.18599999999999994 False
2.979749917984009 0.3420000000000023 False
2.9765501022338867 0.5090000000000003 False
2.953850030899048 0.3069999999999986 False
3.12719988822937 0.38599999999999923 False
2.8450000286102295 0.22100000000000009 False
3.1606500148773193 0.7270000000000003 False
2.4857499599456787 0.019000000000001904 False
2.8743999004364014 0.4740000000000002 False
2.728749990463257 0.10600000000000165 False
3.0597500801086426 0.3490000000000002 False
2.9661500453948975 0.3240000000000016 False
3.0071001052856445 0.48300000000000054 False
2.908250093460083 0.3490000000000002 False
3.0542500019073486 0.5309999999999988 False
2.7649500370025635 0.33500000000000085 False
3.100800037384033 0.4690000000000012 False
3.0841500759124756 0.2359999999999971 False
2.6175999641418457 0.13599999999999923 False
2.7337000370025635 0.2579999999999991 False
2.7697999477386475 0.3769999999999989 False
2.6796000003814697 0.21300000000000097 False
2.6177499294281006 0.2140000000000022 False
2.980950117111206 0.19000000000000128 False
3.380199909210205 0.5949999999999989 False
3.1322500705718994 0.7040000000000006 False
3.093899965286255 0.6620000000000026 False
3.5571000576019287 0.9480000000000004 False
3.3064498901367188 0.602999999999998 False
3.1839001178741455 0.5650000000000013 False
3.0348000526428223 0.2920000000000016 False
3.080349922180176 0.46399999999999864 False
3.125 0.3999999999999986 False
3.569999933242798 0.9759999999999991 False
2.8264999389648438 0.23799999999999955 False
2.9145500659942627 0.2970000000000006 False
3.289900064468384 0.7550000000000026 False
2.8024001121520996 0.3260000000000005 False
2.4921000003814697 0.009000000000000341 False
2.6673500537872314 0.28800000000000026 False
2.6631999015808105 0.15700000000000003 False
2.7799999713897705 0.3200000000000003 False
3.3292500972747803 0.5470000000000006 False
2.8603999614715576 0.3019999999999996 False
2.8911499977111816 0.028999999999999915 False
2.542099952697754 0.05700000000000216 False
3.025049924850464 0.45700000000000074 False
3.1626999378204346 0.5140000000000029 False
3.240000009536743 0.7259999999999991 False
2.68149995803833 0.05100000000000193 False
2.8799500465393066 0.33200000000000074 False
2.8460500240325928 0.3949999999999996 False
2.8617000579833984 0.30700000000000216 False
2.935650110244751 0.5059999999999967 False
2.9433000087738037 0.5479999999999983 False
2.7781500816345215 0.3340000000000032 False
2.724900007247925 0.2270000000000003 False
3.0251500606536865 0.370000000000001 False
2.5957000255584717 0.13000000000000256 False
2.6184499263763428 0.07200000000000273 False
2.697700023651123 0.33999999999999986 False
3.2701001167297363 0.4269999999999996 False
3.3104000091552734 0.4660000000000011 False
2.7933499813079834 0.3269999999999982 False
2.9670000076293945 0.5309999999999988 False
2.9932000637054443 0.6440000000000019 False
3.200200080871582 0.8179999999999978 False
3.0708999633789062 0.8039999999999985 False
2.8698999881744385 0.6129999999999995 True
2.7495501041412354 0.3719999999999999 True
2.365600109100342 0.29199999999999804 False
2.7216999530792236 0.44299999999999784 True
2.953000068664551 0.48100000000000165 False
3.203399896621704 0.6280000000000001 False
2.781049966812134 0.3019999999999996 False
3.1997499465942383 0.6859999999999999 False
2.5699000358581543 0.13599999999999923 False
2.990000009536743 0.7300000000000004 False
2.1890499591827393 0.3460000000000001 True
2.836199998855591 0.593 False
2.722749948501587 0.26899999999999835 False
2.5754499435424805 -0.10099999999999909 False
3.2779500484466553 0.3470000000000013 False
3.1910998821258545 0.6920000000000002 False
2.856300115585327 0.5189999999999984 True
2.2548000812530518 0.5869999999999997 True
3.0458500385284424 0.5429999999999993 False
3.0364999771118164 0.6370000000000005 False
2.210249900817871 0.2699999999999996 True
2.867000102996826 0.36499999999999844 False
2.5839500427246094 0.3569999999999993 False
2.373150110244751 0.20800000000000196 True
2.748650074005127 0.18200000000000216 False
2.670099973678589 0.33000000000000185 False
2.9830501079559326 0.5730000000000004 True
2.994800090789795 0.5079999999999991 False
2.7696499824523926 0.39199999999999946 False
2.8870999813079834 0.5429999999999993 True
2.8963000774383545 0.4350000000000023 True
2.2379000186920166 0.13899999999999935 True
3.2053000926971436 0.647000000000002 False
2.2290000915527344 0.14500000000000313 False
2.5754001140594482 0.37099999999999866 False
2.9830501079559326 0.8369999999999997 False
2.8040499687194824 0.42299999999999827 False
2.8947501182556152 0.2779999999999987 False
2.9600000381469727 0.7530000000000001 True
2.9472999572753906 0.5279999999999987 False
2.6050000190734863 0.14699999999999847 False
2.961250066757202 0.5950000000000024 True
3.031049966812134 0.48900000000000077 False
2.83774995803833 0.6110000000000007 False
2.8826000690460205 0.5 True
2.446000099182129 0.44799999999999685 False
2.957900047302246 0.4789999999999992 False
2.7544000148773193 0.22000000000000242 False
2.594449996948242 0.23199999999999932 False
2.9031999111175537 0.5949999999999989 True
2.863450050354004 0.44700000000000273 True
3.1361498832702637 0.5820000000000007 True
3.2333500385284424 0.8069999999999986 False
2.880000114440918 0.477999999999998 True
2.7646000385284424 0.647000000000002 True
2.986299991607666 0.593 False
2.9790499210357666 0.5970000000000013 False
2.9344000816345215 0.541999999999998 False
2.959700107574463 0.7940000000000005 False
2.9805500507354736 0.5079999999999991 False
2.7887001037597656 0.4750000000000014 True
2.3405001163482666 0.04499999999999815 False
2.7280499935150146 0.3279999999999994 False
2.646399974822998 0.1999999999999993 False
3.033900022506714 0.9399999999999977 False
3.0647499561309814 0.6129999999999995 False
2.936199903488159 0.5470000000000006 False
2.960700035095215 0.3160000000000025 False
3.0385000705718994 0.7699999999999996 False
2.476599931716919 0.5739999999999981 False
3.0269999504089355 0.5640000000000001 False
3.111599922180176 0.6579999999999977 False
2.407399892807007 0.6890000000000001 False
2.676949977874756 0.2920000000000016 False
3.0035998821258545 0.620000000000001 True
2.8510000705718994 0.3940000000000019 True
2.568850040435791 0.3089999999999975 True
2.200000047683716 0.9269999999999996 False
3.5829999446868896 0.15500000000000114 False
3.0028998851776123 0.6479999999999997 False
2.809799909591675 0.8149999999999977 False
2.9714999198913574 0.19500000000000028 False
2.7323999404907227 0.2749999999999986 False
2.5659000873565674 0.18799999999999883 False
2.4147000312805176 0.13200000000000145 False
2.6554999351501465 0.2809999999999988 False
2.3970999717712402 0.06900000000000261 False
2.5488998889923096 0.30900000000000105 True
3.2850000858306885 0.9529999999999994 False
2.807800054550171 0.3309999999999995 False
2.8073999881744385 0.37299999999999756 True
2.348599910736084 0.5139999999999993 False
2.2544000148773193 0.24900000000000233 False
2.7464001178741455 0.3949999999999996 False
2.2448999881744385 0.32800000000000296 True
2.2541000843048096 0.1999999999999993 True
2.9721999168395996 0.06500000000000128 False
2.9567999839782715 0.6400000000000006 True
3.0381999015808105 0.8309999999999995 True
3.2629001140594482 0.879999999999999 True
2.7262001037597656 0.5169999999999995 True
2.4646999835968018 0.22199999999999775 True
2.947000026702881 0.4740000000000002 True
2.688699960708618 0.3769999999999989 False
2.1605000495910645 0.22300000000000253 False
3.0153000354766846 0.5060000000000002 False
2.7690000534057617 0.4969999999999999 False
2.7692999839782715 0.5650000000000013 True
2.9816999435424805 0.5749999999999993 True
2.3073999881744385 0.28699999999999903 False
2.990999937057495 0.22100000000000009 True
2.7311999797821045 0.8520000000000003 True
2.3733999729156494 0.2660000000000018 True
2.9558000564575195 0.4209999999999994 False
2.782900094985962 0.2950000000000017 False
2.942500114440918 0.3240000000000016 True
2.8183999061584473 0.4869999999999983 True
2.4577999114990234 0.7089999999999996 True
3.042799949645996 0.6629999999999967 True
2.853300094604492 0.5339999999999989 False
2.7065999507904053 0.38400000000000034 True
2.2200000286102295 0.22199999999999775 True
2.5336999893188477 0.625 True
2.3427000045776367 0.30100000000000193 True
2.7743000984191895 0.33300000000000196 False
2.8475000858306885 0.15800000000000125 True
2.535599946975708 0.9299999999999997 True
2.9447999000549316 0.4269999999999996 False
2.9504001140594482 0.815999999999999 True
2.1554999351501465 0.04299999999999926 True
2.408600091934204 0.14300000000000068 False
2.163800001144409 0.2579999999999991 True
3.1452999114990234 0.6380000000000017 True
2.1865999698638916 0.8309999999999995 False
3.0148000717163086 0.6110000000000007 True
2.812700033187866 0.11599999999999966 True
2.2170000076293945 0.0990000000000002 False
2.328399896621704 0.5579999999999998 False
2.279900074005127 0.25 True
2.56469988822937 0.20500000000000185 True
3.126199960708618 0.6950000000000003 False
2.7311999797821045 0.26699999999999946 True
2.389899969100952 0.7010000000000005 False
2.785399913787842 0.9230000000000018 True
2.8148000240325928 0.18900000000000006 False
2.192500114440918 0.11599999999999966 True
2.603300094604492 0.7540000000000013 True
2.6542999744415283 0.3619999999999983 False
3.1382999420166016 0.6769999999999996 True
2.928999900817871 0.5430000000000028 False
2.2518999576568604 0.2519999999999989 True
2.6747000217437744 0.6819999999999986 False
2.8684000968933105 0.16300000000000026 True
2.5099000930786133 0.4330000000000034 True
2.8687000274658203 0.5890000000000022 False
2.2834999561309814 0.16300000000000026 False
2.4119999408721924 0.5370000000000026 False
2.776599884033203 0.4700000000000024 False
3.054500102996826 0.7409999999999997 True
2.7697999477386475 0.12099999999999866 False
3.0648000240325928 0.625 False
2.9491000175476074 0.38899999999999935 True
3.4219000339508057 0.9770000000000003 False
2.219899892807007 0.44099999999999895 True
3.1786000728607178 0.31899999999999906 False
2.9907000064849854 0.38899999999999935 False
2.871000051498413 0.20199999999999818 False
3.5796000957489014 0.17099999999999937 False
3.167799949645996 0.7590000000000003 True
2.556299924850464 0.09600000000000009 False
2.7227001190185547 0.35400000000000276 False
2.764400005340576 0.7639999999999993 True
2.825900077819824 0.5309999999999988 False
2.97379994392395 0.27399999999999736 True
2.3564999103546143 0.13500000000000156 False
2.567199945449829 0.6829999999999998 True
2.359999895095825 0.18100000000000094 True
3.066499948501587 0.5809999999999995 False
2.552500009536743 0.08399999999999963 False
2.3968000411987305 0.2840000000000025 True
2.149899959564209 0.5120000000000005 True
2.4363999366760254 0.6910000000000025 True
2.229599952697754 0.3609999999999971 False
3.1050000190734863 0.8069999999999986 True
3.2418999671936035 0.16799999999999926 True
2.8557000160217285 0.3309999999999995 False
3.1129000186920166 0.6290000000000013 False
2.6068999767303467 0.0710000000000015 True
3.045599937438965 0.657 True
2.7035000324249268 0.18900000000000006 True
2.772200107574463 0.5509999999999984 False
