desi_paper_data/fig_23_a.ecsv
# %ECSV 1.0
# ---
# datatype:
# - {name: photo-z, datatype: float64}
# - {name: n_lbg_clauds_depth, datatype: float64}
# - {name: n_lbg_25_depth, datatype: float64}
# - {name: n_lbg_24p5_depth, datatype: float64}
# - {name: n_lbg_24p5_depth_g_r, datatype: float64}
# schema: astropy-2.0
photo-z n_lbg_clauds_depth n_lbg_25_depth n_lbg_24p5_depth n_lbg_24p5_depth_g_r
0.025 4.0 39.0 78.0 30.0
0.07500000000000001 16.0 104.0 184.0 79.0
0.125 10.0 219.0 379.0 113.0
0.17500000000000002 7.0 142.0 306.0 100.0
0.225 4.0 35.0 117.0 18.0
0.275 2.0 19.0 63.0 6.0
0.32500000000000007 4.0 14.0 52.0 4.0
0.375 1.0 1.0 8.0 0.0
0.42500000000000004 0.0 1.0 11.0 1.0
0.475 3.0 4.0 10.0 4.0
0.525 1.0 0.0 4.0 0.0
0.5750000000000001 0.0 0.0 13.0 1.0
0.625 0.0 1.0 8.0 0.0
0.675 1.0 1.0 5.0 1.0
0.7250000000000001 1.0 1.0 23.0 1.0
0.775 0.0 3.0 13.0 3.0
0.8250000000000001 0.0 2.0 2.0 0.0
0.875 0.0 0.0 6.0 1.0
0.925 0.0 1.0 3.0 1.0
0.9750000000000001 0.0 3.0 9.0 5.0
1.025 0.0 0.0 2.0 0.0
1.0750000000000002 0.0 0.0 1.0 0.0
1.125 0.0 0.0 3.0 0.0
1.1750000000000003 0.0 0.0 3.0 0.0
1.225 0.0 1.0 2.0 0.0
1.275 0.0 1.0 2.0 0.0
1.3250000000000002 2.0 2.0 6.0 1.0
1.375 4.0 10.0 11.0 3.0
1.4250000000000003 1.0 5.0 16.0 5.0
1.475 0.0 3.0 7.0 1.0
1.525 2.0 3.0 9.0 8.0
1.5750000000000002 1.0 1.0 6.0 1.0
1.625 0.0 2.0 10.0 5.0
1.6750000000000003 0.0 1.0 9.0 6.0
1.725 1.0 2.0 10.0 7.0
1.775 0.0 4.0 10.0 3.0
1.8250000000000002 0.0 3.0 9.0 7.0
1.875 1.0 2.0 12.0 8.0
1.9250000000000003 1.0 2.0 18.0 16.0
1.975 3.0 2.0 14.0 12.0
2.0250000000000004 0.0 2.0 22.0 17.0
2.075 1.0 7.0 29.0 26.0
2.125 1.0 18.0 59.0 50.0
2.175 0.0 17.0 59.0 58.0
2.225 1.0 19.0 53.0 49.0
2.2750000000000004 6.0 38.0 81.0 74.0
2.325 3.0 42.0 85.0 82.0
2.375 3.0 31.0 78.0 72.0
2.4250000000000003 4.0 25.0 62.0 58.0
2.475 2.0 44.0 90.0 78.0
2.5250000000000004 3.0 58.0 119.0 96.0
2.575 12.0 59.0 83.0 53.0
2.625 7.0 55.0 73.0 54.0
2.6750000000000003 16.0 85.0 112.0 70.0
2.725 8.0 87.0 117.0 68.0
2.7750000000000004 24.0 124.0 143.0 74.0
2.825 75.0 182.0 173.0 84.0
2.875 135.0 167.0 134.0 62.0
2.9250000000000003 228.0 179.0 144.0 66.0
2.975 232.0 159.0 122.0 50.0
3.0250000000000004 209.0 126.0 90.0 37.0
3.075 188.0 101.0 66.0 18.0
3.125 142.0 85.0 63.0 24.0
3.1750000000000003 137.0 86.0 61.0 17.0
3.225 86.0 47.0 33.0 13.0
3.2750000000000004 50.0 16.0 7.0 1.0
3.325 18.0 5.0 4.0 0.0
3.375 8.0 1.0 2.0 1.0
3.4250000000000003 3.0 3.0 2.0 0.0
3.475 0.0 0.0 0.0 0.0
