desi_paper_data/fig_7_d.ecsv
# %ECSV 1.0
# ---
# datatype:
# - {name: redshift, datatype: float64}
# - {name: u_g, datatype: float64}
# - {name: no_lae, datatype: bool}
# schema: astropy-2.0
redshift u_g no_lae
[from data line 764]
3.027600049972534 1.7650000000000006 False
3.2437000274658203 -123.452 False
2.8575000762939453 1.5229999999999997 False
2.7792999744415283 1.1679999999999993 False
2.2023000717163086 0.8469999999999978 True
2.731600046157837 1.0139999999999993 False
2.9825000762939453 1.8160000000000025 True
2.634999990463257 1.0889999999999986 False
2.6821999549865723 0.8409999999999975 False
3.25819993019104 1.9840000000000018 False
3.078000068664551 2.378999999999998 False
2.989300012588501 2.4499999999999993 False
2.944200038909912 1.279 False
2.626499891281128 0.9059999999999988 False
2.6851000785827637 1.1940000000000026 True
3.1552999019622803 2.7769999999999975 False
2.6826000213623047 0.6980000000000004 True
3.1579999923706055 3.321999999999999 False
2.449899911880493 0.9589999999999996 True
2.9788999557495117 2.0700000000000003 True
2.710099935531616 1.282 False
2.862499952316284 1.7250000000000014 True
2.7541000843048096 1.343 True
2.2504000663757324 1.1950000000000003 False
2.572499990463257 0.8160000000000025 False
2.3863000869750977 2.5470000000000006 True
3.1324000358581543 -124.25 True
3.005199909210205 1.3829999999999991 True
2.4911999702453613 1.1010000000000026 False
2.7177999019622803 1.2109999999999985 False
3.060699939727783 1.8240000000000016 False
2.9277000427246094 4.036999999999999 False
2.8124001026153564 1.4059999999999988 False
2.777100086212158 1.1640000000000015 False
2.922800064086914 1.1829999999999998 False
2.905100107192993 1.485999999999997 False
2.7971999645233154 0.9229999999999983 False
3.4272000789642334 -124.029 True
2.809999942779541 1.2280000000000015 False
3.2841999530792236 1.9200000000000017 False
2.67549991607666 0.8939999999999984 False
2.830899953842163 1.402000000000001 True
3.2427000999450684 2.785 True
2.8736000061035156 2.315999999999999 False
2.903899908065796 1.4130000000000003 False
2.7356998920440674 1.2540000000000013 False
2.351099967956543 0.4039999999999999 False
2.2469000816345215 1.3250000000000028 False
2.5344998836517334 0.4720000000000013 False
2.7035000324249268 0.9610000000000021 False
2.9937000274658203 1.6829999999999998 True
2.9114999771118164 1.1969999999999992 False
3.2790000438690186 3.1700000000000017 True
2.775599956512451 1.3689999999999998 False
2.7771999835968018 1.0449999999999982 False
3.0244998931884766 1.3880000000000017 False
3.2453999519348145 2.607000000000003 False
3.0536999702453613 2.6189999999999998 False
2.907599925994873 2.320999999999998 False
3.0752999782562256 2.094000000000001 False
3.2395999431610107 1.9440000000000026 False
2.450700044631958 0.6529999999999987 False
2.9319000244140625 1.2860000000000014 True
2.5653998851776123 2.0139999999999993 False
2.826200008392334 1.2950000000000017 True
3.1535000801086426 1.9889999999999972 False
2.966200113296509 1.5219999999999985 False
2.8864998817443848 1.4450000000000003 False
2.544100046157837 0.6490000000000009 False
3.0947999954223633 1.7040000000000006 False
2.4656999111175537 0.3789999999999978 False
2.7392001152038574 4.893000000000001 False
2.876800060272217 1.6900000000000013 False
2.813999891281128 4.657999999999998 True
3.2321999073028564 2.3709999999999987 False
2.8564000129699707 1.4380000000000024 False
2.674099922180176 1.0309999999999988 False
3.020400047302246 2.7959999999999994 True
3.0613999366760254 2.3679999999999986 True
2.5820000171661377 0.7510000000000012 False
2.8382999897003174 1.471 False
3.512700080871582 4.172000000000001 True
2.508500099182129 0.44700000000000273 False
3.293800115585327 -123.707 False
3.159899950027466 -124.31800000000001 True
3.503700017929077 -123.729 False
3.1774001121520996 4.705000000000002 True
3.009999990463257 3.0249999999999986 False
2.7685000896453857 1.0109999999999992 False
2.9003000259399414 1.2780000000000022 False
3.495300054550171 -124.07 False
3.5548999309539795 3.1610000000000014 True
2.648900032043457 1.2800000000000011 False
2.9653000831604004 1.698999999999998 False
2.6222000122070312 1.75 True
2.905900001525879 1.3640000000000008 False
2.9068000316619873 1.416999999999998 False
2.7864999771118164 1.2590000000000003 False
3.2418999671936035 -124.011 False
2.9189999103546143 3.564 True
2.9367001056671143 1.2729999999999997 False
2.855299949645996 1.9370000000000012 False
2.754300117492676 1.4589999999999996 False
2.759999990463257 0.7379999999999995 False
2.443700075149536 0.4490000000000016 False
2.371000051498413 0.5060000000000002 False
2.8152999877929688 1.1040000000000028 False
2.936199903488159 1.6809999999999974 False
3.0067999362945557 1.9450000000000003 True
2.8415000438690186 1.533999999999999 False
3.0836000442504883 1.6409999999999982 True
3.5845000743865967 1.4280000000000008 False
2.390000104904175 0.35900000000000176 False
3.1452999114990234 2.529 True
2.8738999366760254 1.2660000000000018 False
2.3477001190185547 0.4789999999999992 False
2.725100040435791 0.985000000000003 False
2.9047999382019043 2.048000000000002 True
2.5027999877929688 -123.691 True
3.0980000495910645 2.168000000000003 False
2.956700086593628 1.4959999999999987 False
2.875699996948242 0.9299999999999997 False
2.1166000366210938 -123.98599999999999 False
2.753999948501587 1.666999999999998 True
3.3564999103546143 5.533999999999999 True
3.0179998874664307 2.7119999999999997 False
2.157099962234497 1.5300000000000011 False
2.7685999870300293 1.4190000000000005 False
3.3199000358581543 5.027000000000001 False
2.9021999835968018 2.3810000000000002 True
3.303999900817871 -124.07900000000001 False
3.0476999282836914 1.1630000000000003 False
3.0754001140594482 2.5189999999999984 False
2.9551000595092773 1.3930000000000007 False
2.6396000385284424 0.593 False
2.4154000282287598 1.0269999999999975 True
2.9398999214172363 2.6389999999999993 True
3.2627999782562256 2.700000000000003 True
2.6120998859405518 0.7219999999999978 False
2.755500078201294 2.3099999999999987 True
3.2367000579833984 2.567 True
3.2323999404907227 2.386000000000003 False
3.08270001411438 2.014000000000003 True
2.9242000579833984 2.0380000000000003 False
2.3271000385284424 1.3230000000000004 False
2.9860999584198 1.346 False
2.8420000076293945 1.3260000000000005 False
2.7720999717712402 1.2050000000000018 False
2.8596999645233154 1.3489999999999966 True
2.8508999347686768 1.5400000000000027 False
3.2135000228881836 2.8569999999999993 True
2.9254000186920166 1.7620000000000005 True
3.099400043487549 1.6720000000000006 True
2.714099884033203 0.8190000000000026 False
3.3029000759124756 2.9520000000000017 True
2.240799903869629 1.2240000000000002 True
2.4907000064849854 0.5779999999999994 False
2.6073999404907227 0.6110000000000007 False
3.072999954223633 1.8900000000000006 False
2.3101000785827637 0.6069999999999993 False
3.2832000255584717 1.5920000000000023 True
2.8835999965667725 1.2439999999999998 False
3.1073999404907227 2.2609999999999992 False
2.0058000087738037 1.174000000000003 True
2.616300106048584 1.221 False
2.819200038909912 1.5199999999999996 False
2.4616000652313232 0.43599999999999994 False
2.3857998847961426 0.5179999999999971 False
2.8589999675750732 0.28999999999999915 True
2.401099920272827 0.7890000000000015 False
2.6231000423431396 0.6020000000000003 False
2.348599910736084 0.7910000000000004 False
2.370800018310547 0.48900000000000077 False
2.7500998973846436 1.0470000000000006 False
2.962399959564209 1.8699999999999974 False
2.4839999675750732 0.6939999999999991 False
