desi_paper_data/fig_14_a.ecsv
# %ECSV 1.0
# ---
# datatype:
# - {name: z_vi, datatype: float64}
# - {name: z_automated, datatype: float64}
# - {name: with_ly-alpha_emission, datatype: bool}
# schema: astropy-2.0
z_vi z_automated with_ly-alpha_emission
[from data line 757]
2.572499990463257 2.5717874279220547 True
2.3863000869750977 2.4835501884758053 False
3.1324000358581543 3.109636558356763 False
3.005199909210205 3.1193198947262957 False
2.4911999702453613 2.488781706112583 True
2.7177999019622803 2.7166119792004846 True
3.060699939727783 3.0603737696524163 True
2.9277000427246094 2.895339126502236 True
2.8124001026153564 2.811591903435606 True
2.777100086212158 2.7775614158580995 True
2.922800064086914 2.9255799746388282 True
2.905100107192993 2.9056103749838327 True
2.7971999645233154 2.8002006206075967 True
3.4272000789642334 3.432190861089717 False
2.809999942779541 2.8083607349976614 True
3.2841999530792236 3.3018340973196856 True
2.67549991607666 2.6870815390875378 True
2.830899953842163 3.0036816023420303 False
3.2427000999450684 3.0998591373070923 False
2.8736000061035156 2.8030254722037786 True
2.903899908065796 2.9050149804256806 True
2.7356998920440674 2.7485903274905885 True
2.351099967956543 2.350645766052443 True
2.2469000816345215 2.2508833491943756 True
2.5344998836517334 2.5388628829371696 True
2.7035000324249268 2.7069631146408373 True
2.9937000274658203 2.992078207996243 False
2.9114999771118164 2.9116046185127558 True
3.2790000438690186 3.2259693250085317 False
2.775599956512451 2.7972719752656605 True
2.7771999835968018 2.780563848050413 True
3.0244998931884766 3.1358779881101473 True
3.2453999519348145 3.2500090445635816 True
3.0536999702453613 3.1650685804648324 True
2.907599925994873 2.905967600519999 True
3.0752999782562256 3.074731180523785 True
3.2395999431610107 3.2375211678693634 True
2.450700044631958 2.45084898747328 True
2.9319000244140625 2.9319295208003284 False
2.5653998851776123 2.6354510942114495 True
2.826200008392334 2.896198240123005 False
3.1535000801086426 3.152196785741856 True
2.966200113296509 2.9648534421379225 True
2.8864998817443848 2.886195034652548 True
2.544100046157837 2.5439903236277472 True
3.0947999954223633 3.0947039432384793 True
2.4656999111175537 2.467272191029396 True
2.876800060272217 2.8764431264710892 True
2.813999891281128 2.830769347636988 False
3.2321999073028564 3.2784532988937967 True
2.8564000129699707 2.8512818990183932 True
2.674099922180176 2.673844954378756 True
3.020400047302246 3.1171929376356204 False
3.0613999366760254 3.0613008885349906 False
2.5820000171661377 2.5822199480349863 True
2.8382999897003174 2.876220507388945 True
3.512700080871582 3.5423771300127602 False
2.508500099182129 2.5076620683822255 True
3.293800115585327 3.2918947004232852 True
3.159899950027466 3.2002302236558293 False
3.503700017929077 3.5005587925117703 True
3.1774001121520996 3.1689562999890417 False
3.009999990463257 3.0100346382236074 True
2.7685000896453857 2.7641719978067902 True
2.9003000259399414 2.900352897727849 True
3.495300054550171 3.498281054936315 True
3.5548999309539795 3.5553788470501133 False
2.648900032043457 2.6515127977169204 True
2.9653000831604004 2.965527235215657 True
2.6222000122070312 2.712414175290252 False
2.905900001525879 2.7523231581025236 True
2.9068000316619873 2.9085955269093287 True
2.7864999771118164 2.7870919101103766 True
3.2418999671936035 3.2600301380765973 True
2.9189999103546143 2.9061499891441516 False
2.9367001056671143 2.927155631036766 True
2.855299949645996 2.8777568041931025 True
2.759999990463257 2.7607269024272174 True
2.443700075149536 2.4435684931825827 True
2.371000051498413 2.3753349065197815 True
2.8152999877929688 2.8152069129733013 True
2.936199903488159 2.94300397439496 True
3.0067999362945557 3.006978505740813 False
2.8415000438690186 2.845978100546692 True
3.0836000442504883 2.9804688515906825 False
3.5845000743865967 3.597448421690088 True
2.390000104904175 2.403425461310797 True
3.1452999114990234 3.1681450567888683 False
2.8738999366760254 2.891406292966356 True
2.3477001190185547 2.3590440277525273 True
2.725100040435791 2.727164746881387 True
2.9047999382019043 2.9732331113784194 False
2.5027999877929688 2.5934963511709945 False
3.0980000495910645 3.1666081138831252 True
2.956700086593628 2.9554804742008964 True
2.875699996948242 2.871973761900232 True
2.1166000366210938 2.0711643191408946 True
2.753999948501587 2.75460082677222 False
3.3564999103546143 3.3267000647928686 False
3.0179998874664307 3.1372270711997423 True
2.157099962234497 2.049116108037713 True
2.7685999870300293 2.7691558991079055 True
3.3199000358581543 3.3185081091440796 True
2.9021999835968018 2.892074359943545 False
3.303999900817871 3.298603814113545 True
3.0476999282836914 3.054465022665516 True
3.0754001140594482 3.0735875178711605 True
2.9551000595092773 2.955532135478775 True
2.6396000385284424 2.6454551018998216 True
2.4154000282287598 2.3383280057054847 False
2.9398999214172363 2.974005492742415 False
3.2627999782562256 3.130589556714493 False
2.6120998859405518 2.6129522989839407 True
2.755500078201294 2.7903395501925163 False
3.2367000579833984 3.223703534859356 False
3.2323999404907227 3.2355100567403903 True
3.08270001411438 3.0794245077522455 False
2.9242000579833984 2.9261171900280094 True
2.3271000385284424 2.3277708650477917 True
2.9860999584198 2.9854683634981263 True
2.8420000076293945 2.840351658389662 True
2.7720999717712402 2.773906318503505 True
2.8596999645233154 2.9680486052644626 False
2.8508999347686768 2.8496138469045182 True
3.2135000228881836 3.214029752591969 False
2.9254000186920166 2.9762146509417735 False
3.099400043487549 3.142302015187226 False
2.714099884033203 2.7270863340088085 True
3.3029000759124756 3.303144164555361 False
2.240799903869629 2.2396975128179264 False
2.4907000064849854 2.488202269173833 True
2.6073999404907227 2.605809001821554 True
3.072999954223633 3.0699927752904936 True
2.3101000785827637 2.313423088983099 True
3.2832000255584717 3.3128231431975363 False
2.8835999965667725 2.8432199486746677 True
3.1073999404907227 3.1065242233370047 True
2.0058000087738037 1.9214266919432055 False
2.616300106048584 2.621807320516202 True
2.819200038909912 2.819445697234376 True
2.4616000652313232 2.4616663761618267 True
2.3857998847961426 2.3859689089382536 True
2.8589999675750732 2.848941259060075 False
2.401099920272827 2.4069093390077354 True
2.6231000423431396 2.6301219078263545 True
2.348599910736084 2.346396091026218 True
2.370800018310547 2.3708371490752427 True
2.7500998973846436 2.7501279934239085 True
2.962399959564209 2.9622932243721074 True
2.4839999675750732 2.480901794940238 True
