desi_paper_data/fig_26_b_lbg_cosmos.ecsv
# %ECSV 1.0
# ---
# datatype:
# - {name: ra, datatype: float64}
# - {name: dec, datatype: float64}
# schema: astropy-2.0
ra dec
149.99088987120282 1.0003249243335424
149.8690875942663 1.024127909319099
149.854643822262 0.9611359651575322
150.2458324215134 1.0439507765421328
150.2484455962853 0.9530764271392812
150.25464108648657 1.0014182761685606
149.9972967279893 1.1380791591482493
149.9555814817495 1.3672522945442047
150.164805292854 1.1931465688615388
150.09152032384867 1.2990627279482747
150.36618703836783 1.330733021011221
150.34165203110007 1.3507530988109402
150.28359295578645 1.2352534775753576
150.08191046171538 1.5221762560048162
150.1958194293015 1.4458321433367272
150.1368926936074 1.6203551431602563
150.20703006401783 1.4919023814188397
150.1319331920762 1.5078835964954365
150.23107552084778 1.5297830914807782
150.11519759167763 1.405410534933297
150.2147088727922 1.3763622170159002
150.3043808005564 1.5137513517792114
150.3568688294346 1.4479654015282768
150.30535184333704 1.5594101689287228
150.3136521340614 1.436335682990643
150.1681063913997 1.8035676694875489
150.176584487116 1.8521223770807416
150.2253596371297 1.8405335476591345
150.05827295017704 1.6843510145053855
150.12907610911083 1.681321400260232
150.09972031042497 1.737383150909252
150.2751253034652 1.699181283402965
150.0714213962348 1.9744191638199964
150.0837035516462 2.0493672179410103
150.1196756993537 1.9037311484751107
150.13779921407126 2.0667095051631774
149.87803725733923 1.099873796514155
149.91133311239986 0.9881296663226592
149.9172775241054 1.0542126863037338
149.78944606880103 1.0348449535191102
149.90597571923522 1.1185589766196635
149.80606552423347 0.9987983974994058
149.7951187867095 1.11014689427466
150.37798235207353 0.9890905683169848
150.32309475196735 0.9892985316839988
150.3255442040532 0.9530137524206524
149.95796876346284 1.2520757158421585
149.8124452835169 1.133572504783874
150.10005163521805 1.2519122151207582
150.05982817165642 1.2880883356429982
150.12575637063316 1.1996414948616902
150.24569333619314 1.1877537994836789
150.18554867217026 1.230071476447267
150.00237478904515 1.2389125537648489
150.22520527164517 1.1372099059643923
150.15503538170816 1.2521535894245936
150.00867031785813 1.2892117985657043
150.40399349523463 1.3016625464899514
150.258547777085 1.281987125999314
150.357168500529 1.2820054411676087
149.9519899266139 1.4270796184444772
149.9810515867177 1.4252774618104869
149.92650235177396 1.493713828626584
149.91910305657083 1.4415557246053898
149.99455779734126 1.5779562502939026
150.23675282781574 1.3880563051795625
150.1787452705366 1.5097771682914332
150.15084548989654 1.3952227923260947
150.1433161056571 1.5780287475673949
150.05509019162565 1.5031807452593002
150.19861637588693 1.619951088979535
150.3133980593656 1.4670781580170724
150.30157360957864 1.4953785483915438
150.2711448985215 1.6088575104342686
149.97897550327386 1.6551825346279825
150.04241404683614 1.7573845266502088
150.13902767655796 1.7259882250994318
150.0154748786013 1.7518985671949463
150.04261269743708 1.803440393686416
150.08612601521273 1.8369498553695405
150.25097352581773 1.7319460048112498
149.23669836360233 1.111301268576201
149.09336488515197 0.9870200478160236
149.08048158611822 1.100045389987404
149.2395222742751 1.0051783670218333
149.21284003400606 1.0400106342558342
149.1688537090321 1.09948332137783
149.39495674937666 0.99453975185653
149.28230336993798 0.9986766234608538
149.483210197015 1.0098900838756926
149.4465018836301 0.9918709911258884
149.6716467417179 0.9781065236792628
149.15416969759664 1.2442426326838911
149.2384658344284 1.1536165714173583
149.06101418678486 1.210085738395718
149.13907461404847 1.329856707955359
149.22419959994684 1.2948300482026578
149.02200181988303 1.2474885052988978
149.58948987569192 1.3593733511649984
149.7142799528052 1.3421793094618866
149.62369603511075 1.2785160369734936
149.74375113030808 1.3679648122970942
149.56158744633504 1.126297930198278
149.52598902099876 1.3146932102020137
149.15635918799342 1.445129251610225
149.07029983264405 1.4259355138170513
149.49925435834913 1.4655377796278308
149.49944216623982 1.5300231507062476
149.38727440196695 1.4218365527484909
149.27726491282883 1.463246714216004
149.2897150846539 1.513520954316916
149.44744766960977 1.5111802731574993
149.70855694700862 1.4876214990371373
149.64702236674012 1.6025304976473649
149.54234716544528 1.4879566386096106
149.58846196684004 1.6054201286800054
149.50220873200684 1.4172956147118343
149.69737290528374 1.5985646199806909
149.58850313247996 1.3843943810624086
149.587983725662 1.5455425888630228
149.68225920537927 1.4493889154585988
149.6180648574604 1.4115424094663451
149.55405221973666 1.5733832086919848
149.51452214381098 1.3937032408650698
149.70763745781406 1.561034443564777
149.74660995678627 1.5146018192917856
149.86594387866478 1.604244467724928
149.7864727291114 1.5203345732376377
149.76903048092262 1.483880598858399
149.6927307540705 1.7514629893275806
149.6278174655147 1.636804815933376
149.82733872615347 1.665330516655899
149.96449260895827 1.829608355123484
149.83503383474817 1.6547741207768834
149.941585918562 1.6810380662027926
149.89712194078385 1.8361025853515045
149.9267712993446 1.838860679473112
149.96243545964003 1.8784235004083576
149.9865126358914 1.9178727409533431
149.9854183491732 2.012780652881768
149.79476605040836 1.9193873174719875
149.76835278590733 1.894595073440371
149.8875458694361 1.9641756634107816
149.13196823992516 1.1190273074363284
149.16582646370426 1.0303770092180866
149.14164399581708 1.0641104684372835
149.12582779419412 1.09734754947272
149.3103188514349 1.0501258069620654
149.2604682679837 1.0879560723805026
149.35126883240056 1.0292476624218398
149.3518343884218 1.0968144201739831
149.41919447167302 1.0255831541824227
149.45110679511822 1.0506707268382611
149.64115878927277 0.9656143017735052
149.60196193075515 1.0562930419628032
149.63521440858742 1.0830679191004853
149.65758456501624 1.107542461548534
149.64453201225948 1.1091304396966548
149.54205411186646 0.984835614413732
149.6871642882067 1.031019492319418
148.99086864034365 1.2858024638449526
149.20125736064358 1.2193553232390824
149.0875275823134 1.262162958995722
149.22522113259797 1.2457592583635946
149.04970685321106 1.1278655601491805
149.08120232276812 1.1370549636936418
149.4625310486932 1.19459296525777
149.41447447428413 1.2532040219226686
149.46381042438952 1.163276881252353
149.44940956774897 1.2667017931115794
149.41623083327676 1.3077256081280717
149.32221693408297 1.3727003833948137
149.7436576992308 1.1279976712375026
149.68305219598267 1.16520639865763
149.54195270606073 1.245490524277373
149.56170025442017 1.2682885266354678
149.51730568453343 1.2078860363954418
149.61232152402746 1.1890009827365722
149.6126413747258 1.1599159685855946
149.6777749732215 1.3003822112643406
149.57843316162754 1.3371388085189462
149.72982553584248 1.298743621006802
149.6641794214101 1.2306759243496714
149.67108703506847 1.3623838937336668
149.77364575670606 1.3043680991464357
149.81370815032238 1.360901212649938
149.18800459591893 1.477709706313955
149.40839837089305 1.3976182824789152
149.31117247418285 1.41951617457699
149.30352621442805 1.4447027328237143
149.33121784066446 1.4865292576222244
149.32415507962938 1.5758991220460812
149.41768273793 1.5282686059613746
149.72673634186978 1.4050412181239833
149.70322892948823 1.47781153181268
149.59342744231262 1.503926238289703
149.53165093764073 1.4598143837267157
149.6195727141827 1.5485554504705783
149.48856715381632 1.6494987295364505
149.54671775872805 1.7673765130632637
149.59060952078073 1.667923493950984
149.6816076595952 1.637200139807806
149.74712897339143 1.7560961883557706
149.54118304083755 1.710007987646058
149.7432302418426 1.8038637001524755
149.70381913253712 1.6699738406651834
149.64351945464523 1.679117171059706
149.73591722700647 1.7159574494197278
149.6624990370035 1.7658886743463105
149.78259338208062 1.6981542957375422
149.80927045012768 1.811927363864669
149.8663514212175 1.7780840433404
149.89214434429678 1.7953102276093125
149.9328988947486 1.9622390367634783
149.94554156724442 2.017199245353245
149.78612917374528 1.9001216225927653
150.03546033379732 1.9651004075166003
150.0459212416987 2.060304643326816
148.9717347059323 1.6143332214981163
148.9294384811619 1.3797873304138877
148.93732158022064 1.60781654838021
148.97422783799425 1.5936172504470438
149.18420986996804 1.5862405707653062
149.18602090947422 1.850822098068697
149.2268566104069 1.761847902581459
149.2375310258627 1.7954349150054676
149.19679880823054 1.635155539780092
149.1530899235204 1.8265017690851144
149.10504237879414 1.851673186740562
149.29715668490445 1.694150287782428
149.3643069426633 1.761375501326201
149.15691668399612 1.876968820627716
149.39607383086388 1.8835757355361813
149.71640023842562 2.104892441073802
149.53566502447887 1.9352528331923604
149.5512794943612 2.075988393085042
149.66884793035848 1.996684524770036
149.89323283610537 2.074716269348156
149.7385140906093 2.1397310993944347
149.5631973621242 2.129980578367096
149.68832962349103 2.139850250175908
148.98111358390705 1.5535063341301785
148.94116908003227 1.4352903039286244
148.95627263688618 1.5550945067888022
149.07275331605047 1.4493737405520335
149.24387058424807 1.5759050455340011
149.0240167276815 1.4239257842885205
149.0830787848723 1.4929574249647437
149.11080919336425 1.5087233369608697
149.02164014455062 1.5593963561239468
149.0901589733103 1.7752345363884636
149.12856025324584 1.794746833672684
149.1805528615501 1.6725637676146416
149.1811970978165 1.7295396411605974
149.21019497121327 1.8049724698569007
149.23538834544246 1.7149302406434952
149.1172038249563 1.79797824336085
149.23955194626808 1.763105942862626
149.12680527680735 1.7064896036693142
149.19934399175108 1.843510632603292
149.01523764876768 1.6345298082030884
149.26521811740338 1.6818683444863232
149.31093854705256 1.730564495422702
149.46541285171992 1.7936628337538394
149.26674537591637 1.873177921113665
149.48245232629668 1.834685490810532
149.30476305073046 1.638978233106574
149.59130885745773 1.8363471152857649
149.1221889913036 1.8864420293171087
149.29533583567945 1.8808717142082525
149.45314240384909 1.920439029085525
149.56350607776344 2.042425195795595
149.63495543451353 1.9418800168071368
149.69354939882766 1.927351592631141
149.527726791233 2.019660539902054
149.5779555616012 2.061529615080702
149.59942029317062 1.956031137135182
149.6687640241898 1.885880520166056
149.85107390063965 2.0588773190596457
149.8346755261605 2.123177333841628
149.64721840008804 2.249507324224071
149.7867525123081 2.229111466345254
149.24028118404672 2.4789501019554407
149.0967603705666 2.585498539606012
149.20325374623306 2.45909475931428
149.06015583905526 2.5312027509944093
149.07798052633336 2.495373204930764
149.36431641353752 2.532031689418856
149.49474568451103 2.472786516092507
149.46492112848136 2.504271099706993
149.58637953337046 2.5115641985424064
149.53542065094473 2.507907243105905
148.99049677742286 2.701884713312441
149.08761091288332 2.8058612738749
149.1433815560083 2.778018869709645
149.1547229103394 2.7923744793536005
149.10703317601687 2.833748392814284
149.1914071715055 2.767375417039057
149.0234406314987 2.706842386365843
149.37024917989962 2.7040416014973188
148.92858936654218 2.973727569643073
148.93021844038876 2.8757399170577
148.95033387895757 2.9015991972401536
149.1416281508605 2.8848369609853632
149.5611281540807 2.2580818618049427
149.53020865829313 2.318966038125456
149.67356931437473 2.353676222703085
149.88611200911433 2.275942921773642
149.83740348062204 2.3219814171077404
149.8236499141131 2.316687664489984
149.87196984325328 2.218467783076992
149.8401779500957 2.2275244748819225
149.85336124584268 2.298296566651189
149.1774289920183 2.619032351782397
149.04446123677496 2.5308269370129706
149.07430791015693 2.610250692475441
149.14415485606395 2.4929699083499286
149.18815490953412 2.517297014052654
149.14336418519133 2.6157027248258578
149.0312713499652 2.6103859052866603
149.2396723996404 2.5536365774649314
149.37002809077782 2.480085376462079
149.2903569723198 2.5258898176878746
149.28065329075167 2.6166021896153384
149.6164642957819 2.4122063313759883
149.50312539057646 2.52522142885772
149.52797427894455 2.546117688880116
148.96674933774247 2.7153509285637987
148.9362399355247 2.717827038130311
149.17166059481283 2.652575305024372
149.21044729204843 2.7155087760507866
149.099329507553 2.719953509328495
149.1959172432575 2.8102848598855203
149.126091860023 2.692111544590926
149.138909108148 2.735971231375956
149.11319755548425 2.7591864399302684
149.03470033271475 2.675425602084032
149.03875873759614 2.868750852562471
149.20372542675813 2.763546932087366
149.38024608839163 2.643019376111873
149.40823173401984 2.648431633884401
149.32698252190917 2.6502197178974183
149.29882332606513 2.696998185737812
149.27031105278795 2.722122393403612
148.9919886191236 2.946341134916156
149.6475327166162 2.5993972808852512
149.79994798274137 2.534327664094536
149.8014714285939 2.451163957979872
149.85526924124292 2.502025592293572
149.54919248178544 2.7220728800660123
149.6070611683838 2.869423626200431
149.91093460881618 2.642032190044432
149.86038878772294 2.728024999144882
149.80315190021818 2.688994953634825
149.19873493273172 3.118766603532196
149.43542359138442 3.062761937570366
149.36235465971657 3.0551422150858363
149.39671042313492 2.992586317662238
149.54662994504778 3.0140765884181886
149.70866534803676 3.051146047354062
149.64507466986615 2.9994520316045845
149.65118340263976 2.87536577698529
149.8370104309073 3.0242035673699945
149.75955686581912 2.9332409378156945
149.18441492875706 3.2591955060004056
149.08573083030916 3.27547093585478
149.0319204824895 3.1532977339136057
149.1088207379042 3.3142257687079364
149.37036398612216 3.1938539114460744
149.23184145557548 3.161684399069104
149.43703498786954 3.3590117023606663
149.40983024971558 3.265166417298885
149.693388538114 3.358318345827164
149.62108669989294 3.2798448470819945
149.52014790126316 3.222254337013396
149.56462918398918 3.2156263909238523
149.16722842942755 3.418723793912902
149.49020941800916 3.415291015768452
149.49216809657844 3.402150564615477
149.96318081979356 2.3709835687446974
149.64485194830743 2.6117195613547355
149.71971965879143 2.596966944129414
149.7463651592897 2.6215437660104746
149.91254298569055 2.57311180266994
149.76139898096048 2.4997674889520844
149.76577196712373 2.527909754308006
149.31127724796855 2.812930466141662
149.4548318513803 2.7510100897560994
149.3978906245417 2.7956532402317
149.47924415526498 2.7237246993451905
149.30353516799127 2.8583943880826848
149.57376142140632 2.7999797879588244
149.5058245807816 2.857961339515074
149.5960351202425 2.7726898742374595
149.67885604258112 2.858530232542414
149.50422287814862 2.697805070493063
149.5692315723913 2.8376580520257497
149.74701268866792 2.7400533421026805
149.73475177118905 2.850470635165937
149.73904612570072 2.699610286455047
149.80633876896897 2.7399992187640585
149.8576841839347 2.75605460238764
148.9624878741116 3.1059351767362298
148.99172895574986 3.034909086827468
149.22931193462085 3.0855262937477965
149.17663942997288 3.08827931378722
149.03204534655282 3.0983784270142887
149.10025673552465 2.9702446361864947
149.18078748191505 3.0038484681822566
149.04279325482375 3.0485820235482577
149.09025391470104 3.0662543915026728
149.44130001569692 3.076377995376734
149.33245444332036 2.9938703401269025
149.32657988723642 3.115538615011903
149.47917936676606 3.083381329510472
149.41442564660247 3.119785210490947
149.2738560653001 2.898618896745929
149.3942812062512 2.9601406321301567
149.2687933041111 2.963233718748872
149.4788666736945 3.0947665411070138
149.4989797375847 3.1074350317069164
149.3368631159872 2.931224797833777
149.3573003495779 2.875229726947546
149.33995692623455 2.8832820377149884
149.50658605327635 2.936795487095885
149.58126963715213 3.013930095408883
149.53674333766264 3.1230722872609284
149.5167534546868 2.969853055220226
149.58402282371634 3.044382768344057
149.678865981363 2.9088468348029126
