desi_paper_data/fig_7_e.ecsv
# %ECSV 1.0
# ---
# datatype:
# - {name: redshift, datatype: float64}
# - {name: g_r, datatype: float64}
# - {name: no_lae, datatype: bool}
# schema: astropy-2.0
redshift g_r no_lae
[from data line 739]
3.1517999172210693 0.22500000000000142 False
3.314300060272217 0.6479999999999997 False
2.4800000190734863 0.010999999999999233 False
2.6542999744415283 0.120000000000001 False
3.2915000915527344 0.916999999999998 False
2.944000005722046 0.2740000000000009 False
3.373500108718872 0.5810000000000031 False
3.374300003051758 0.804000000000002 False
2.8726999759674072 0.402000000000001 False
2.2999000549316406 0.18000000000000327 True
3.015199899673462 0.29499999999999815 False
3.3828999996185303 0.5920000000000023 False
3.115000009536743 0.5199999999999996 True
2.7065999507904053 0.09499999999999886 False
2.3722000122070312 0.14199999999999946 False
2.27810001373291 0.05799999999999983 False
2.386699914932251 0.0990000000000002 False
2.7344000339508057 0.8200000000000003 True
3.049999952316284 0.4450000000000003 False
2.7576000690460205 0.31299999999999883 False
3.2636001110076904 0.49799999999999756 False
2.5376999378204346 0.49299999999999855 False
3.319000005722046 1.0729999999999968 True
3.1984000205993652 1.0769999999999982 True
3.191800117492676 0.43100000000000094 False
3.027600049972534 0.21499999999999986 False
3.2437000274658203 0.5269999999999975 False
2.8575000762939453 0.3539999999999992 False
2.7792999744415283 0.15000000000000213 False
2.2023000717163086 0.22100000000000009 True
2.731600046157837 0.28699999999999903 False
2.9825000762939453 0.6239999999999988 True
2.634999990463257 0.24099999999999966 False
2.6821999549865723 0.15300000000000225 False
3.25819993019104 0.7169999999999987 False
3.078000068664551 0.5990000000000002 False
2.989300012588501 0.6270000000000024 False
2.944200038909912 0.26500000000000057 False
2.626499891281128 0.240000000000002 False
2.6851000785827637 0.3099999999999987 True
3.1552999019622803 0.6859999999999999 False
2.6826000213623047 0.15200000000000102 True
3.1579999923706055 0.5210000000000008 False
2.449899911880493 0.21499999999999986 True
2.9788999557495117 0.6449999999999996 True
2.710099935531616 0.4009999999999998 False
2.862499952316284 0.5910000000000011 True
2.7541000843048096 0.45800000000000196 True
2.2504000663757324 0.3930000000000007 False
2.572499990463257 0.19500000000000028 False
2.3863000869750977 1.0790000000000006 True
3.1324000358581543 1.1720000000000006 True
3.005199909210205 0.43200000000000216 True
2.4911999702453613 0.352999999999998 False
2.7177999019622803 0.35600000000000165 False
3.060699939727783 0.570999999999998 False
2.9277000427246094 1.1670000000000016 False
2.8124001026153564 0.44399999999999906 False
2.777100086212158 0.34499999999999886 False
2.922800064086914 0.014000000000002899 False
2.905100107192993 0.2930000000000028 False
2.7971999645233154 0.19000000000000128 False
3.4272000789642334 0.7360000000000007 True
2.809999942779541 0.2309999999999981 False
3.2841999530792236 0.6980000000000004 False
2.67549991607666 0.13700000000000045 False
2.830899953842163 0.389999999999997 True
3.2427000999450684 0.6230000000000011 True
2.8736000061035156 0.5459999999999994 False
2.903899908065796 0.25500000000000256 False
2.7356998920440674 0.2970000000000006 False
2.351099967956543 -0.036000000000001364 False
2.2469000816345215 0.4079999999999977 False
2.5344998836517334 -0.09299999999999997 False
2.7035000324249268 -0.006000000000000227 False
2.9937000274658203 0.5460000000000029 True
2.9114999771118164 0.3219999999999992 False
3.2790000438690186 1.0549999999999997 True
2.775599956512451 0.45300000000000296 False
2.7771999835968018 0.3230000000000004 False
3.0244998931884766 0.29299999999999926 False
3.2453999519348145 0.6989999999999981 False
3.0536999702453613 1.0420000000000016 False
2.907599925994873 0.7840000000000025 False
3.0752999782562256 0.4220000000000006 False
3.2395999431610107 0.5689999999999991 False
2.450700044631958 0.009000000000000341 False
2.9319000244140625 0.41300000000000026 True
2.5653998851776123 0.6829999999999998 False
2.826200008392334 0.39000000000000057 True
3.1535000801086426 0.6090000000000018 False
2.966200113296509 0.4930000000000021 False
2.8864998817443848 0.3150000000000013 False
2.544100046157837 0.11700000000000088 False
3.0947999954223633 0.6189999999999998 False
2.4656999111175537 -0.11299999999999955 False
2.7392001152038574 0.7620000000000005 False
2.876800060272217 0.5120000000000005 False
2.813999891281128 0.6410000000000018 True
3.2321999073028564 0.8470000000000013 False
2.8564000129699707 0.48799999999999955 False
2.674099922180176 0.31899999999999906 False
3.020400047302246 0.8520000000000003 True
3.0613999366760254 0.7379999999999995 True
2.5820000171661377 0.08099999999999952 False
2.8382999897003174 0.49299999999999855 False
3.512700080871582 1.0670000000000002 True
2.508500099182129 0.00999999999999801 False
3.293800115585327 1.1990000000000016 False
3.159899950027466 0.9710000000000001 True
3.503700017929077 0.8879999999999981 False
3.1774001121520996 1.0269999999999975 True
3.009999990463257 0.8599999999999994 False
2.7685000896453857 -0.028999999999999915 False
2.9003000259399414 0.1559999999999988 False
3.495300054550171 1.125 False
3.5548999309539795 1.0479999999999983 True
2.648900032043457 0.4029999999999987 False
2.9653000831604004 0.5960000000000001 False
2.6222000122070312 0.48600000000000065 True
2.905900001525879 0.40800000000000125 False
2.9068000316619873 0.4330000000000034 False
2.7864999771118164 0.2940000000000005 False
3.2418999671936035 0.8030000000000008 False
2.9189999103546143 1.0329999999999977 True
2.9367001056671143 0.3500000000000014 False
2.855299949645996 0.6890000000000001 False
2.754300117492676 0.4480000000000004 False
2.759999990463257 0.15800000000000125 False
2.443700075149536 -0.028000000000002245 False
2.371000051498413 0.05700000000000216 False
2.8152999877929688 0.26599999999999824 False
2.936199903488159 0.5869999999999997 False
3.0067999362945557 0.7390000000000008 True
2.8415000438690186 0.2560000000000002 False
3.0836000442504883 0.5940000000000012 True
3.5845000743865967 0.3780000000000001 False
2.390000104904175 -0.0070000000000014495 False
3.1452999114990234 0.7190000000000012 True
2.8738999366760254 0.22299999999999898 False
2.3477001190185547 0.045999999999999375 False
2.725100040435791 0.046999999999997044 False
2.9047999382019043 0.7560000000000002 True
2.5027999877929688 0.7349999999999994 True
3.0980000495910645 0.536999999999999 False
2.956700086593628 0.5030000000000001 False
2.875699996948242 0.2530000000000001 False
2.1166000366210938 0.9810000000000016 False
2.753999948501587 0.4969999999999999 True
3.3564999103546143 0.8769999999999989 True
3.0179998874664307 0.8860000000000028 False
2.157099962234497 0.47199999999999775 False
2.7685999870300293 0.1479999999999997 False
3.3199000358581543 1.0079999999999991 False
2.9021999835968018 1.1920000000000002 True
3.303999900817871 0.8049999999999997 False
3.0476999282836914 0.17800000000000082 False
3.0754001140594482 0.522000000000002 False
2.9551000595092773 0.125 False
2.6396000385284424 -0.038999999999997925 False
2.4154000282287598 0.23799999999999955 True
2.9398999214172363 1.0010000000000012 True
3.2627999782562256 0.791999999999998 True
2.6120998859405518 0.1670000000000016 False
2.755500078201294 0.657 True
3.2367000579833984 0.8470000000000013 True
3.2323999404907227 0.9549999999999983 False
3.08270001411438 0.6849999999999987 True
2.9242000579833984 0.6720000000000006 False
2.3271000385284424 0.03900000000000148 False
2.9860999584198 0.25900000000000034 False
2.8420000076293945 0.10999999999999943 False
2.7720999717712402 0.15899999999999892 False
2.8596999645233154 0.4510000000000005 True
2.8508999347686768 0.3509999999999991 False
3.2135000228881836 0.6869999999999976 True
2.9254000186920166 0.5889999999999986 True
3.099400043487549 0.5839999999999996 True
2.714099884033203 0.2259999999999991 False
3.3029000759124756 1.1309999999999967 True
2.240799903869629 0.36299999999999955 True
2.4907000064849854 0.05000000000000071 False
2.6073999404907227 -0.004000000000001336 False
3.072999954223633 0.21699999999999875 False
2.3101000785827637 -0.04899999999999949 False
3.2832000255584717 0.36699999999999733 True
2.8835999965667725 0.3689999999999998 False
3.1073999404907227 0.4609999999999985 False
2.0058000087738037 0.3019999999999996 True
2.616300106048584 0.1999999999999993 False
2.819200038909912 0.1960000000000015 False
2.4616000652313232 0.01699999999999946 False
2.3857998847961426 0.043000000000002814 False
2.8589999675750732 -0.36299999999999955 True
2.401099920272827 -0.09700000000000131 False
2.6231000423431396 0.12700000000000244 False
2.348599910736084 0.054999999999999716 False
2.370800018310547 0.04400000000000048 False
2.7500998973846436 0.08099999999999952 False
2.962399959564209 0.4090000000000025 False
2.4839999675750732 -0.019999999999999574 False
