desi_paper_data/fig_14_a.ecsv
# %ECSV 1.0
# ---
# datatype:
# - {name: z_vi, datatype: float64}
# - {name: z_automated, datatype: float64}
# - {name: with_ly-alpha_emission, datatype: bool}
# schema: astropy-2.0
z_vi z_automated with_ly-alpha_emission
[from data line 379]
3.023099899291992 3.022937874374897 False
2.3977999687194824 2.465996264486581 True
3.1124000549316406 3.1848590552901865 True
3.384700059890747 3.3221312335707287 False
3.1489999294281006 3.115350442479934 False
3.2488999366760254 3.168551211157372 False
3.128499984741211 3.129127938732614 False
2.738100051879883 2.7378610566427892 True
2.922499895095825 2.9211942894723526 True
2.9398999214172363 2.949463662776708 False
2.9593000411987305 2.968667804735038 True
3.0271999835968018 3.044409425260591 True
2.9730000495910645 2.973443945769236 False
2.8554000854492188 2.8733961140208004 False
2.9939000606536865 3.00262786388774 False
2.9626998901367188 2.9744640998300964 True
2.931999921798706 2.938395464412725 True
2.657099962234497 2.656994142063416 True
3.311500072479248 3.3108312967940194 True
2.484499931335449 2.512921828561946 False
2.989300012588501 2.945678949784711 False
3.3155999183654785 3.310873684686266 True
3.1147000789642334 3.1138896354278933 True
2.489500045776367 2.4884732874981608 True
2.4879000186920166 2.4879348740206106 True
2.4876999855041504 2.4879772489404415 False
2.7846999168395996 2.7983397478400023 True
3.0857999324798584 3.085071647582009 True
2.7074999809265137 2.707227592142819 True
3.2620999813079834 3.282916234521656 True
3.1723999977111816 3.1768101523150247 True
3.368499994277954 3.3679168082415134 False
3.4302000999450684 3.430773748028598 True
2.7523000240325928 2.7520262151442507 True
3.0534000396728516 3.0548072870139236 True
2.9791998863220215 3.0723197338494677 True
2.841399908065796 2.8415529267236455 False
2.7946999073028564 2.790038617810669 True
2.7530999183654785 2.759963326291939 True
2.581899881362915 2.5860491541279296 True
2.677299976348877 2.6773673158691693 True
3.150700092315674 3.151611104750671 True
2.3422999382019043 2.260837483091712 True
3.4077999591827393 3.4084792061016302 True
2.8958001136779785 2.8937905084674553 True
3.0471999645233154 3.04660874340869 True
2.9065001010894775 2.908285730219773 False
2.7228000164031982 2.7228584913892324 True
3.0185000896453857 3.017457339330443 False
3.1338999271392822 3.1336329060754107 True
2.394200086593628 2.4351451211635404 True
3.341099977493286 3.3395643364271708 False
2.9268999099731445 2.9288095480916088 True
2.7973999977111816 2.7978529643142185 True
2.96589994430542 2.966731547472364 True
3.027899980545044 3.023245278209506 True
3.1019999980926514 3.1749828621801193 False
2.9173998832702637 2.915282161170827 True
2.8078999519348145 2.8203379887171387 True
3.291300058364868 3.291589190354433 True
3.0422000885009766 3.146439752996321 True
3.354300022125244 3.359810896427051 True
3.208899974822998 3.2091455885800353 False
3.094599962234497 3.0949137790424435 True
3.2146999835968018 3.2150800306998653 True
2.9725000858306885 2.9735289626966934 True
2.652600049972534 2.6512847569923954 True
2.913300037384033 2.9112376688081953 True
3.2114999294281006 3.210826617163765 True
3.3921000957489014 3.3955033510368313 True
3.3052000999450684 3.3023663954488094 True
2.9867000579833984 2.986673643830089 True
2.9323999881744385 2.9312295126630814 True
3.293100118637085 3.2928849182370192 True
2.6982998847961426 2.6963469545814447 True
2.254499912261963 2.3807511258248724 False
3.143399953842163 3.1420122331763256 True
3.417799949645996 3.418962225909764 True
2.909600019454956 2.9214763333671616 True
2.8115999698638916 2.8108350952260506 True
2.3550000190734863 2.4143536175678615 False
3.0457000732421875 3.0491529825586343 True
3.041300058364868 3.0390220985584784 True
2.6649999618530273 2.6661389786202605 True
2.3189001083374023 2.3194372969244847 True
3.0401999950408936 3.041562195548191 False
3.1113998889923096 3.108125192564598 True
3.215100049972534 3.2137705313825617 False
3.259999990463257 3.2586498006034303 True
3.473900079727173 3.4737271733591624 False
3.1881000995635986 3.1883725961695624 True
3.0813000202178955 3.0889174018785024 True
3.1463000774383545 3.1461155095980424 False
2.8515000343322754 2.854745955494885 False
3.222100019454956 3.221985297715228 False
2.446500062942505 2.4494500292928327 True
3.1189000606536865 3.1195153220236023 True
2.838900089263916 2.837936246028562 True
2.912600040435791 2.9128072863650276 True
3.0697999000549316 3.074216283582654 True
2.826200008392334 2.8311360123753393 True
3.1168999671936035 3.117045545463267 False
3.28439998626709 3.2818406647728056 True
2.9493000507354736 2.9650066144881695 True
2.8087000846862793 2.8107234724456704 True
2.8117001056671143 2.8098668860146105 True
3.2827999591827393 3.280662478164454 True
3.203700065612793 3.2027145137029094 True
3.171600103378296 2.932264841374901 False
3.06030011177063 3.0595944148445575 True
2.9999001026153564 3.0013779079715404 True
2.9944000244140625 2.9946618236104 False
2.807499885559082 2.807234687750899 True
3.145400047302246 3.1423946425981413 True
2.8598999977111816 2.8624834055948187 True
3.2832999229431152 3.283530902561331 True
3.4821999073028564 3.481925355385435 True
2.4430999755859375 2.4412011815423957 True
3.12280011177063 3.1247116593900683 True
2.956199884414673 2.956968674708558 True
3.3378000259399414 3.340294133366475 True
3.4179999828338623 3.5338914185207746 True
2.5000998973846436 2.499572404394437 True
3.6500000953674316 3.651554404394354 True
3.3798999786376953 2.8881880663284227 False
3.0615999698638916 3.059983387380979 True
2.9916999340057373 2.991110639021149 True
3.016700029373169 3.017786341705805 True
3.305500030517578 3.3050497535312595 True
3.342600107192993 3.3423712585542904 False
3.0099000930786133 3.006356205395792 True
2.997499942779541 2.994032605718003 True
3.0778000354766846 3.0777277113593042 True
3.0495998859405518 3.049404775010228 False
3.293100118637085 3.306810505443273 True
3.3768999576568604 3.3767910276070343 False
3.4354000091552734 3.437062391990229 True
2.947200059890747 2.9489309231580982 True
3.1482999324798584 3.135606967920509 True
3.4749999046325684 3.474817338002943 True
3.4161999225616455 3.417551364662037 True
3.3297998905181885 3.3296373705004054 True
3.319700002670288 3.3197972409261283 False
2.603100061416626 2.6101574357378525 True
3.2295000553131104 3.229394664291253 True
3.1872000694274902 3.189590211101726 True
3.362499952316284 3.3608789952025866 True
3.2246999740600586 3.2232928102183953 True
3.1749000549316406 3.1826658053672245 True
3.0922999382019043 3.093506699847849 True
3.2695999145507812 3.2679456473191397 True
2.9530999660491943 2.951680841137275 True
2.578000068664551 2.574990113432472 True
2.9523000717163086 2.958562624337447 True
3.3369998931884766 3.3379324470574026 True
3.3324999809265137 3.330042866098539 True
3.342600107192993 3.3398128241614056 True
2.759999990463257 2.7586004247205205 True
2.8577001094818115 2.857110794166182 True
3.376800060272217 3.374872942595371 True
3.102400064468384 3.100872824828105 False
3.0954999923706055 3.091723427732394 False
3.283400058746338 3.2940040871247094 True
3.0123000144958496 3.0113061917759465 True
3.2300000190734863 3.2285349611454532 True
2.4137001037597656 2.341131091979303 True
3.2279999256134033 3.225967842224586 True
3.0427000522613525 3.0414071052675498 True
2.903700113296509 2.9036515331863524 True
2.6494998931884766 2.6502512606041506 True
2.6454999446868896 2.642854706493658 True
2.572700023651123 2.569548330481181 True
2.74780011177063 2.746449826768332 True
3.0132999420166016 3.012225953655528 True
3.006500005722046 3.004667968298748 True
2.9586000442504883 2.958606291374128 True
2.67549991607666 2.6750550513780054 True
3.1073999404907227 3.1089156891816487 True
3.271199941635132 3.2685366971378813 True
3.3036999702453613 3.3024384538345952 True
3.089900016784668 3.088031379771498 True
2.7500998973846436 2.75122791814454 True
2.8982999324798584 2.8968867662208853 True
2.7383999824523926 2.7355388261846207 True
3.363300085067749 3.3638234064869357 True
2.504699945449829 2.5141811293648693 True
3.0720999240875244 3.069452566328004 True
3.047499895095825 3.0473662567419697 False
3.3540000915527344 3.3534380217277144 True
3.0423998832702637 3.0567316003195635 False
3.0587000846862793 3.0605081990857963 True
2.929500102996826 2.9542219844637354 False
2.7493999004364014 2.7518623194169183 True
3.2439000606536865 3.241685064165764 True
3.0964999198913574 3.096707031581991 False
3.1029000282287598 3.1009919756588085 True
3.3199000358581543 3.3240277313723845 True
3.0552000999450684 3.0543656589062107 True
2.9198999404907227 2.9201747291796885 False
3.364000082015991 3.360431414359711 True
3.0750999450683594 3.08303516060236 True
2.8568999767303467 2.856693206473302 True
3.0006000995635986 3.0014609231199723 True
2.8638999462127686 2.886972878951862 True
2.773699998855591 2.7744326482973394 True
3.1521999835968018 3.1535124460389845 True
2.9625000953674316 2.963413982395244 True
2.89520001411438 2.965519742467434 False
2.84879994392395 2.848661825771839 False
2.861299991607666 2.9584115734566376 True
3.149899959564209 3.149655271483333 True
2.9691998958587646 2.9639619866592954 False
3.3369998931884766 3.341731355131551 False
2.859999895095825 2.864721497799859 True
3.001199960708618 3.0900880184770916 True
2.8392999172210693 2.933474019635808 True
2.944000005722046 2.9490634457423517 True
3.49780011177063 3.4946839970550823 True
2.4372000694274902 2.43756629357623 False
2.2583000659942627 2.3379981894940185 False
2.384999990463257 2.3812692330981475 True
2.8657000064849854 2.8645470815449663 True
3.0069000720977783 3.082268031332616 False
3.1865999698638916 3.182393822743207 True
3.2815001010894775 3.2767047811476346 True
2.963399887084961 2.9585941562620057 True
2.920599937438965 2.9167081606242844 True
3.2992000579833984 3.330714253003757 True
3.037600040435791 3.0348524914680266 False
2.958400011062622 2.957859273495642 True
2.7699999809265137 2.769768707506755 True
2.140000104904175 2.216303412180993 True
3.0297999382019043 3.0302917873691437 True
3.020400047302246 3.1265277365714286 True
3.045799970626831 3.044795883690972 True
2.815999984741211 2.8154970997091966 True
3.0608999729156494 3.060053565471642 True
2.9335999488830566 2.9312052176363848 True
2.757200002670288 2.7553474252467955 True
3.3217999935150146 3.319087769984596 True
2.899600028991699 2.90339019701417 True
2.7897000312805176 2.7879143952406 True
3.0636000633239746 3.0701159048510545 True
2.8714001178741455 2.985268831912776 False
2.3856000900268555 2.3940283439300836 True
2.8552000522613525 2.853553310866435 True
3.0927999019622803 3.1100955467778495 True
3.204400062561035 3.2043387854642953 True
3.2558999061584473 3.2557817882835116 True
3.2546000480651855 3.2558488067325064 True
2.6833999156951904 2.8117594454890305 True
2.9514000415802 2.950715290241471 True
3.078900098800659 3.0735475552451894 True
2.998500108718872 3.0029745258732916 True
3.065700054168701 3.0665563469504464 False
2.5731000900268555 2.5715964754539873 True
3.2388999462127686 3.2390067143935193 True
2.7932000160217285 2.798070664732118 True
2.993000030517578 2.9947762293366544 True
2.805500030517578 2.8038663718771617 True
3.152600049972534 3.151463315638724 True
3.1054000854492188 3.1030325629890707 True
2.8078999519348145 2.8075560318864197 True
3.1120998859405518 3.1121984668497986 True
3.2488999366760254 3.2441299942044455 True
2.8770999908447266 2.8803416379523794 True
3.0768001079559326 3.077823442482283 True
3.237600088119507 3.2341099378674447 True
3.0367000102996826 3.0371273546101447 True
3.4082000255584717 3.4081902963384008 False
3.2372000217437744 3.2354071230562838 True
3.2565999031066895 3.2584993314892756 True
3.178999900817871 3.17535265680916 True
3.3773999214172363 3.393207576538106 True
3.0311999320983887 3.031230801496986 True
3.3808000087738037 3.380300239227742 True
2.9439001083374023 2.9431663889073416 True
2.9316999912261963 2.9329481973482796 True
3.3638999462127686 3.3602502166643418 True
2.544300079345703 2.5444538069680216 True
3.1233999729156494 3.123889384742292 False
3.0306999683380127 3.0288249814328125 True
2.890899896621704 2.8916599460008507 True
2.672800064086914 2.671533181708974 True
3.4393999576568604 3.4797543499381347 False
3.265700101852417 3.2676425719359576 True
2.948499917984009 2.944889919449381 True
3.1821999549865723 3.18165437078527 True
2.7741000652313232 2.769387169667138 False
2.7490999698638916 2.748862515911852 True
2.8742001056671143 2.87194427225669 True
2.947000026702881 2.9481690706480483 True
2.8259999752044678 2.8247140455581046 True
2.9809000492095947 2.954016754239282 False
2.9802000522613525 2.9835716599715436 True
3.1967999935150146 3.1935269723031285 True
3.4463000297546387 3.443091438347256 True
2.954200029373169 2.9533934182284285 True
2.8798999786376953 2.8766391698751703 True
3.4893999099731445 3.4896017163177953 True
3.251199960708618 3.2611741510803545 True
3.0404999256134033 3.0422000911353813 True
3.2190001010894775 3.22011550238267 True
2.953000068664551 2.951233374176514 True
3.6312999725341797 3.6283452593894556 True
2.948699951171875 2.960555073750909 True
2.626199960708618 2.625879499645152 True
2.646899938583374 2.6442342960348113 True
3.103100061416626 3.1082496386658685 True
2.9788999557495117 2.981253318109791 True
2.8857998847961426 2.8911024291148717 True
3.1742000579833984 3.1746783305465827 True
2.607100009918213 2.6055000809145317 True
2.534600019454956 2.53445081200786 True
2.7583000659942627 2.7619640082634325 True
2.8387999534606934 2.839350674352237 True
2.986799955368042 2.9839554452282733 False
3.0032999515533447 3.1145990123032146 False
3.254300117492676 3.2545319256630387 True
2.3203999996185303 2.3176714405783745 True
2.975800037384033 2.9772818868856117 True
2.6486001014709473 2.6484110302211707 True
3.205199956893921 3.204103312659041 True
3.0722999572753906 3.073002838435788 True
2.523099899291992 2.517522429900101 True
2.745300054550171 2.753763228871398 False
2.32450008392334 2.3222228940695206 True
2.7272000312805176 2.7260773780761007 True
3.4848999977111816 3.4836627267115627 True
2.844899892807007 2.843165654448288 True
3.1517999172210693 3.160507101720813 True
3.314300060272217 3.316368217079869 True
2.4800000190734863 2.482738924422942 True
2.6542999744415283 2.673385452838306 True
3.2915000915527344 3.2927747186798797 True
2.944000005722046 2.9443475644835138 True
3.373500108718872 3.3720686335015846 True
3.374300003051758 3.373001902670061 True
2.8726999759674072 2.873625705081894 True
2.2999000549316406 2.2981688171783716 False
3.015199899673462 3.0119849059749533 True
3.3828999996185303 3.3896065931338493 True
3.115000009536743 3.1148999282657392 False
2.7065999507904053 2.705005891071435 True
2.3722000122070312 2.370237946629158 True
2.27810001373291 2.2829345646145316 True
2.386699914932251 2.38647969132446 True
2.7344000339508057 2.734329060755045 False
3.049999952316284 3.04533126001509 True
2.7576000690460205 2.7590692759619717 True
3.2636001110076904 3.2600265493485567 True
2.5376999378204346 2.5471992651242275 True
3.319000005722046 3.3190046880504336 False
3.1984000205993652 3.2893970598048816 False
3.191800117492676 3.189163036700577 True
3.027600049972534 3.02471128508502 True
3.2437000274658203 3.260373655677054 True
2.8575000762939453 2.857939253900449 True
2.7792999744415283 2.775054684697605 True
2.2023000717163086 2.20175764754313 False
2.731600046157837 2.730595113779869 True
2.9825000762939453 2.981711615120335 False
2.634999990463257 2.632360136404384 True
2.6821999549865723 2.6820970822307206 True
3.25819993019104 3.2567981347518 True
3.078000068664551 3.0821965667168847 True
2.989300012588501 2.9892209420864693 True
2.944200038909912 2.9435286641927916 True
2.626499891281128 2.6248952995603347 True
2.6851000785827637 2.7691750826134682 False
3.1552999019622803 3.1578421489932795 True
2.6826000213623047 2.724673658225121 False
3.1579999923706055 3.1570267756885473 True
2.449899911880493 2.5118825862855476 False
2.9788999557495117 2.978893516822023 False
2.710099935531616 2.71146585654458 True
2.7541000843048096 2.7523761838802616 False
