desi_paper_data/fig_7_d.ecsv
# %ECSV 1.0
# ---
# datatype:
# - {name: redshift, datatype: float64}
# - {name: u_g, datatype: float64}
# - {name: no_lae, datatype: bool}
# schema: astropy-2.0
redshift u_g no_lae
2.542099952697754 0.5879999999999974 False
3.4842000007629395 4.131 False
2.3219499588012695 0.3930000000000007 False
2.940000057220459 1.5890000000000022 False
3.243000030517578 3.353999999999999 False
2.865950107574463 1.7689999999999984 False
2.6875 1.0229999999999997 False
2.6638500690460205 0.9750000000000014 False
2.442699909210205 0.6589999999999989 False
2.7799999713897705 1.6690000000000005 False
2.9541499614715576 1.5990000000000002 False
2.5394999980926514 0.7059999999999995 False
2.789099931716919 1.2830000000000013 False
2.6236000061035156 0.7319999999999993 False
2.7904999256134033 1.0470000000000006 False
2.7827999591827393 1.2200000000000024 False
3.1840999126434326 3.937999999999999 False
2.787899971008301 1.0120000000000005 False
3.123300075531006 1.7059999999999995 False
3.086899995803833 1.9570000000000007 False
3.126300096511841 2.556000000000001 False
3.200550079345703 3.1300000000000026 False
2.9412500858306885 1.328999999999997 False
3.0527501106262207 1.9740000000000002 False
2.5685501098632812 0.7230000000000025 False
2.799149990081787 1.0969999999999978 False
2.534950017929077 0.8060000000000009 False
2.362449884414673 1.1280000000000001 False
3.071199893951416 2.3099999999999987 False
2.8015999794006348 1.2800000000000011 False
3.232800006866455 2.2989999999999995 False
3.1805999279022217 2.6580000000000013 False
2.769700050354004 1.4420000000000002 False
3.0334999561309814 1.5799999999999983 False
2.946150064468384 1.7609999999999992 False
3.0957999229431152 2.889999999999997 False
2.711899995803833 0.791999999999998 False
2.915750026702881 1.5120000000000005 False
2.970599889755249 1.6849999999999987 False
3.0899999141693115 1.6280000000000001 False
2.822200059890747 2.968 False
2.9148499965667725 1.166999999999998 False
3.052799940109253 2.1590000000000025 False
2.9784998893737793 1.8019999999999996 False
2.690200090408325 0.9050000000000011 False
3.2671000957489014 3.218 False
2.8216500282287598 1.1660000000000004 False
3.4422500133514404 1.480999999999998 False
2.728800058364868 0.828000000000003 False
2.8629000186920166 1.0869999999999997 False
2.4860498905181885 0.5249999999999986 False
2.4429500102996826 0.5589999999999975 False
2.648699998855591 0.9780000000000015 False
3.046600103378296 1.8719999999999999 False
2.4707999229431152 0.8000000000000007 False
2.5406999588012695 1.1140000000000008 False
2.559999942779541 0.6769999999999996 False
2.4748499393463135 0.7460000000000022 False
2.419250011444092 0.5719999999999992 False
2.8384499549865723 1.5779999999999994 False
3.5286500453948975 5.800000000000001 False
2.4660000801086426 0.7340000000000018 False
2.746799945831299 1.0380000000000003 False
2.650099992752075 0.7069999999999972 False
2.948050022125244 1.4229999999999983 False
2.9775500297546387 2.2580000000000027 False
3.055299997329712 1.9570000000000007 False
3.2778000831604004 1.9399999999999977 False
2.9123499393463135 1.9259999999999984 False
2.626800060272217 0.7780000000000022 False
3.3139500617980957 4.361999999999998 False
3.2151501178741455 3.033999999999999 False
3.1397500038146973 2.506999999999998 False
3.2933499813079834 3.3240000000000016 False
2.6772499084472656 1.1799999999999997 False
3.0909500122070312 2.2040000000000006 False
2.869649887084961 1.291999999999998 False
2.6600000858306885 0.8550000000000004 False
2.3589000701904297 0.6769999999999996 False
3.5010499954223633 6.413 False
2.701900005340576 2.0 False
3.1431500911712646 2.933 False
2.7567999362945557 1.1690000000000005 False
2.3654000759124756 0.6530000000000022 False
2.6933000087738037 0.6870000000000012 False
2.8408000469207764 1.1640000000000015 False
2.3730499744415283 0.6880000000000024 False
2.875200033187866 1.093 False
3.4598500728607178 5.4289999999999985 False
3.2922000885009766 4.354000000000003 False
2.485100030899048 0.7800000000000011 False
3.5260000228881836 3.219000000000001 False
2.7539000511169434 1.1990000000000016 False
2.899899959564209 1.581000000000003 False
3.0986499786376953 2.347999999999999 False
2.9623000621795654 1.3530000000000015 False
2.749350070953369 0.9929999999999986 False
3.0881500244140625 2.8530000000000015 False
2.805500030517578 1.554000000000002 False
3.2844998836517334 3.4939999999999998 False
3.1352500915527344 2.5740000000000016 False
3.491849899291992 4.405999999999999 False
2.8617498874664307 1.5269999999999975 False
2.7929000854492188 1.5519999999999996 False
2.5488998889923096 0.5360000000000014 False
2.5164999961853027 0.722999999999999 False
2.692199945449829 0.9009999999999998 False
3.1775500774383545 2.8979999999999997 False
2.9367499351501465 1.6929999999999978 False
2.7100000381469727 1.0100000000000016 False
2.979749917984009 1.3919999999999995 False
2.9765501022338867 1.8019999999999996 False
2.953850030899048 1.586000000000002 False
3.12719988822937 2.3200000000000003 False
2.8450000286102295 1.1739999999999995 False
3.1606500148773193 2.1690000000000005 False
2.4857499599456787 0.46199999999999974 False
2.8743999004364014 1.475999999999999 False
2.728749990463257 0.8309999999999995 False
3.0597500801086426 2.0150000000000006 False
2.9661500453948975 1.5949999999999989 False
3.0071001052856445 2.035 False
2.908250093460083 1.3859999999999992 False
3.0542500019073486 2.237000000000002 False
2.7649500370025635 1.3029999999999973 False
3.100800037384033 2.2300000000000004 False
3.0841500759124756 0.9920000000000009 False
2.6175999641418457 0.652000000000001 False
2.7337000370025635 0.9969999999999999 False
2.7697999477386475 1.3859999999999992 False
2.6796000003814697 0.8129999999999988 False
2.6177499294281006 0.8299999999999983 False
2.980950117111206 1.6050000000000004 False
3.380199909210205 3.641000000000002 False
3.1322500705718994 2.5969999999999978 False
3.093899965286255 2.2729999999999997 False
3.5571000576019287 3.230999999999998 False
3.3064498901367188 1.7900000000000027 False
3.1839001178741455 2.658999999999999 False
3.0348000526428223 1.564 False
3.080349922180176 2.1099999999999994 False
3.125 2.3500000000000014 False
3.569999933242798 2.9849999999999994 False
2.8264999389648438 1.154 False
2.9145500659942627 1.376999999999999 False
3.289900064468384 2.4639999999999986 False
2.8024001121520996 1.1509999999999998 False
2.4921000003814697 0.554000000000002 False
2.6673500537872314 1.0109999999999992 False
2.6631999015808105 0.916999999999998 False
2.7799999713897705 1.1950000000000003 False
3.3292500972747803 3.594999999999999 False
2.8603999614715576 1.375 False
2.8911499977111816 1.2149999999999999 False
2.542099952697754 0.4889999999999972 False
3.025049924850464 1.968 False
3.1626999378204346 3.2189999999999976 False
3.240000009536743 5.212 False
2.68149995803833 0.6419999999999995 False
2.8799500465393066 1.2530000000000001 False
2.8460500240325928 1.4030000000000022 False
2.8617000579833984 1.4749999999999979 False
2.935650110244751 1.9270000000000032 False
2.9433000087738037 1.8309999999999995 False
2.7781500816345215 1.1189999999999998 False
2.724900007247925 0.8939999999999984 False
3.0251500606536865 1.8099999999999987 False
2.5957000255584717 0.7699999999999996 False
2.6184499263763428 0.6049999999999969 False
2.697700023651123 1.2409999999999997 False
3.2701001167297363 1.6000000000000014 False
3.3104000091552734 3.507999999999999 False
2.7933499813079834 1.1529999999999987 False
2.9670000076293945 1.5680000000000014 False
2.9932000637054443 2.0799999999999983 False
3.200200080871582 3.5260000000000034 False
3.0708999633789062 2.5420000000000016 False
2.8698999881744385 1.713000000000001 True
2.7495501041412354 1.189 True
2.365600109100342 1.0530000000000008 False
2.7216999530792236 1.3070000000000022 True
2.953000068664551 1.884999999999998 False
3.203399896621704 2.802000000000003 False
2.781049966812134 1.059000000000001 False
3.1997499465942383 3.360999999999997 False
2.5699000358581543 0.6759999999999984 False
2.990000009536743 2.3859999999999992 False
2.1890499591827393 1.2280000000000015 True
2.836199998855591 1.7620000000000005 False
2.722749948501587 1.1780000000000008 False
2.5754499435424805 0.4939999999999998 False
3.2779500484466553 3.3939999999999984 False
3.1910998821258545 3.977999999999998 False
2.856300115585327 1.5160000000000018 True
2.2548000812530518 2.6799999999999997 True
3.0458500385284424 1.6120000000000019 False
3.0364999771118164 2.2669999999999995 False
2.210249900817871 1.033999999999999 True
2.867000102996826 1.4480000000000004 False
2.5839500427246094 1.2349999999999994 False
2.373150110244751 0.8200000000000003 True
2.748650074005127 0.7859999999999978 False
2.670099973678589 1.2729999999999997 False
2.9830501079559326 1.894000000000002 True
2.994800090789795 1.7040000000000006 False
2.7696499824523926 1.3120000000000012 False
2.8870999813079834 1.5890000000000022 True
2.8963000774383545 1.6239999999999988 True
2.2379000186920166 0.7010000000000005 True
3.2053000926971436 2.1020000000000003 False
2.2290000915527344 0.6749999999999972 False
2.5754001140594482 1.4140000000000015 False
2.9830501079559326 2.158999999999999 False
2.8040499687194824 1.4789999999999992 False
2.8947501182556152 1.3470000000000013 False
2.9600000381469727 2.0150000000000006 True
2.9472999572753906 1.7280000000000015 False
2.6050000190734863 0.718 False
2.961250066757202 1.8909999999999982 True
3.031049966812134 2.065999999999999 False
2.83774995803833 1.9589999999999996 False
2.8826000690460205 1.5529999999999973 True
2.446000099182129 1.404 False
2.957900047302246 1.6329999999999991 False
2.7544000148773193 0.9209999999999994 False
2.594449996948242 0.8670000000000009 False
2.9031999111175537 1.988000000000003 True
2.863450050354004 1.5749999999999993 True
3.1361498832702637 2.1179999999999986 True
3.2333500385284424 2.682000000000002 False
2.880000114440918 1.5690000000000026 True
2.7646000385284424 3.1779999999999973 True
2.986299991607666 2.0120000000000005 False
2.9790499210357666 1.9229999999999983 False
2.9344000816345215 1.6260000000000012 False
2.959700107574463 2.1479999999999997 False
2.9805500507354736 2.0479999999999983 False
2.7887001037597656 1.5009999999999977 True
2.3405001163482666 0.7729999999999997 False
2.7280499935150146 1.0569999999999986 False
2.646399974822998 0.9100000000000001 False
3.033900022506714 2.5820000000000007 False
3.0647499561309814 2.5770000000000017 False
2.936199903488159 1.663999999999998 False
2.960700035095215 1.538999999999998 False
3.0385000705718994 2.9090000000000025 False
2.476599931716919 1.6140000000000008 False
3.0269999504089355 1.7860000000000014 False
3.111599922180176 2.466000000000001 False
2.407399892807007 1.8449999999999989 False
2.676949977874756 1.0589999999999975 False
3.0035998821258545 2.5199999999999996 True
2.8510000705718994 1.5949999999999989 True
2.568850040435791 1.3580000000000005 True
2.200000047683716 2.3270000000000017 False
3.5829999446868896 1.0919999999999987 False
3.0028998851776123 1.8580000000000005 False
2.809799909591675 4.176000000000002 False
2.9714999198913574 0.7910000000000004 False
2.7323999404907227 1.0410000000000004 False
2.5659000873565674 0.7950000000000017 False
2.4147000312805176 0.6679999999999993 False
2.6554999351501465 0.9469999999999992 False
2.3970999717712402 0.7240000000000002 False
2.5488998889923096 1.0749999999999993 True
3.2850000858306885 3.206000000000003 False
2.807800054550171 1.1900000000000013 False
2.8073999881744385 1.5660000000000025 True
2.348599910736084 1.7199999999999989 False
2.2544000148773193 0.9450000000000003 False
2.7464001178741455 1.3610000000000007 False
2.2448999881744385 1.0559999999999974 True
2.2541000843048096 0.8339999999999996 True
2.9721999168395996 1.381999999999998 False
2.9567999839782715 1.8729999999999976 True
3.0381999015808105 2.161999999999999 True
3.2629001140594482 3.7340000000000018 True
2.7262001037597656 1.5370000000000026 True
2.4646999835968018 0.8509999999999991 True
2.947000026702881 1.593 True
2.688699960708618 1.2429999999999986 False
2.1605000495910645 0.8239999999999981 False
3.0153000354766846 2.062000000000001 False
2.7690000534057617 1.7019999999999982 False
2.7692999839782715 1.593 True
2.9816999435424805 2.1149999999999984 True
2.3073999881744385 2.2779999999999987 False
2.990999937057495 1.0549999999999997 True
2.7311999797821045 2.132999999999999 True
2.3733999729156494 1.1149999999999984 True
2.9558000564575195 1.8569999999999993 False
2.782900094985962 1.2659999999999982 False
2.942500114440918 1.096 True
2.8183999061584473 1.6940000000000026 True
2.4577999114990234 1.9250000000000007 True
3.042799949645996 2.1700000000000017 True
2.853300094604492 1.8760000000000012 False
2.7065999507904053 1.227999999999998 True
2.2200000286102295 0.8120000000000012 True
2.5336999893188477 2.6560000000000024 True
2.3427000045776367 0.9919999999999973 True
2.7743000984191895 1.1289999999999978 False
2.8475000858306885 0.7059999999999995 True
2.535599946975708 2.414999999999999 True
2.9447999000549316 1.7240000000000002 False
2.9504001140594482 2.618000000000002 True
2.1554999351501465 0.4529999999999994 True
2.408600091934204 0.875 False
2.163800001144409 0.9030000000000022 True
3.1452999114990234 2.568999999999999 True
2.1865999698638916 2.128 False
3.0148000717163086 2.053000000000001 True
2.812700033187866 0.610000000000003 True
2.2170000076293945 0.6690000000000005 False
2.328399896621704 2.9939999999999998 False
2.279900074005127 0.8719999999999999 True
2.56469988822937 1.056000000000001 True
3.126199960708618 2.526 False
2.7311999797821045 1.0080000000000027 True
2.389899969100952 2.0229999999999997 False
2.785399913787842 2.3930000000000007 True
2.8148000240325928 0.7469999999999999 False
2.192500114440918 0.6419999999999995 True
2.603300094604492 1.9849999999999994 True
2.6542999744415283 1.2059999999999995 False
3.1382999420166016 3.2360000000000007 True
2.928999900817871 1.730999999999998 False
2.2518999576568604 0.972999999999999 True
2.6747000217437744 1.8539999999999992 False
2.8684000968933105 0.7729999999999997 True
2.5099000930786133 1.2879999999999967 True
2.8687000274658203 1.722999999999999 False
2.2834999561309814 0.8359999999999985 False
2.4119999408721924 1.6379999999999981 False
2.776599884033203 1.4149999999999991 False
3.054500102996826 2.3640000000000008 True
2.7697999477386475 0.6340000000000003 False
3.0648000240325928 1.823999999999998 False
2.9491000175476074 1.6140000000000008 True
3.4219000339508057 4.533000000000001 False
2.219899892807007 1.3019999999999996 True
3.1786000728607178 1.0410000000000004 False
2.9907000064849854 1.5549999999999997 False
2.871000051498413 0.804000000000002 False
3.5796000957489014 1.029 False
3.167799949645996 2.7040000000000006 True
2.556299924850464 0.6700000000000017 False
2.7227001190185547 1.1759999999999984 False
2.764400005340576 2.3850000000000016 True
2.825900077819824 1.5020000000000024 False
2.97379994392395 1.3810000000000002 True
2.3564999103546143 0.8049999999999997 False
2.567199945449829 2.1099999999999994 True
2.359999895095825 0.8389999999999986 True
3.066499948501587 1.7390000000000008 False
2.552500009536743 0.8870000000000005 False
2.3968000411987305 1.001999999999999 True
2.149899959564209 1.7729999999999997 True
2.4363999366760254 3.6720000000000006 True
2.229599952697754 1.6820000000000022 False
3.1050000190734863 2.051000000000002 True
3.2418999671936035 0.7519999999999989 True
2.8557000160217285 1.311 False
3.1129000186920166 1.9899999999999984 False
2.6068999767303467 0.6969999999999992 True
3.045599937438965 2.1519999999999975 True
2.7035000324249268 0.8010000000000019 True
2.772200107574463 1.5569999999999986 False
3.368299961090088 3.847999999999999 True
3.242000102996826 4.579000000000001 True
2.9971001148223877 1.7630000000000017 True
3.136899948120117 2.4670000000000023 False
3.245300054550171 3.4949999999999974 True
2.816800117492676 1.1850000000000023 False
2.4326000213623047 0.9939999999999998 True
2.441200017929077 0.9359999999999999 False
2.308799982070923 0.5640000000000001 False
3.3322999477386475 4.259999999999998 False
