desi_paper_data/fig_26_a_lbg_xmm.ecsv
# %ECSV 1.0
# ---
# datatype:
# - {name: ra, datatype: float64}
# - {name: dec, datatype: float64}
# schema: astropy-2.0
ra dec
36.25473232234354 -5.870534246632792
36.2157068507557 -5.905094191602611
35.95749739877966 -5.971635194602268
36.05354970988477 -5.878328674554502
36.016081269935775 -5.878414460637258
36.06101915819418 -5.915710541167234
36.07153226473415 -5.929026981175549
36.07148563680799 -5.929818619614107
35.95010239110236 -5.949253368876421
35.99885191551382 -5.865856513638447
35.78571542392584 -6.038636895773271
35.884336724284594 -6.013701994807745
35.8860809454801 -6.003856481881917
35.84671527934007 -5.990890649410613
35.81837543406471 -5.879243898116989
35.80703180175394 -5.89889987357083
35.85836893693233 -5.907233729227457
35.834991903590925 -5.928305742667968
35.61295794181675 -6.026142364103074
35.71656251995626 -5.995461586919859
35.60461232603595 -5.967084370505143
35.714154891033374 -5.962826872800846
35.695020071406 -5.8914243244360645
35.72642220734377 -5.914935262742464
35.75015789581599 -5.869817150490345
35.56901552222988 -6.012937004158723
35.56622744849634 -5.998247681027484
35.52128890527013 -5.974595034913947
35.47166121368702 -5.9708625692619695
35.54821027627996 -5.961657012771228
35.49445577199254 -5.898185733944145
35.43565950694734 -5.911736217051781
35.48552545517713 -5.93177300107559
35.521850113459195 -5.945275571961198
35.416698225067286 -5.856316662351951
34.94078470072838 -5.486817115541187
34.942004488966816 -5.470156663559592
34.92555685121302 -5.466155039462551
34.96185529715759 -5.4454257497480585
35.034466154988394 -5.420770121001339
34.886663657739874 -5.374959467173912
34.910607105548 -5.315279513913334
34.936816916460806 -5.350610714673392
34.89189134869676 -5.274939089727464
34.9312278658829 -5.272679118083908
34.89982701451193 -5.264013328799936
34.930070377410566 -5.227651515413254
34.8927083432894 -5.223390613124815
34.985545991307724 -5.219831458172718
34.984147750055435 -5.140525238927284
34.91051011985525 -5.142689821819769
34.87498838911445 -5.105354895588156
35.02295661359819 -5.095087013818837
35.03111795985416 -5.079371088180869
35.033188163699535 -4.997761907885743
35.00332920327205 -4.9950011681826965
34.898497105022294 -4.918456068606679
34.89106619124436 -4.907410996396767
34.95924098293452 -4.897390716878056
35.04497622280939 -4.809858836450077
34.87767005858878 -4.802842587588262
35.02614258197481 -4.77106883298705
35.01492071352967 -4.775841323442443
35.019704964564816 -4.718810383799117
34.89798030289564 -4.707540861330793
34.87685014555773 -4.629815140368713
35.0332825381043 -4.628713995392005
35.030822621950776 -4.624545223474574
35.005601198738674 -4.61477335582676
34.887718925844815 -4.614480644214248
34.92810261688312 -4.597228667396953
35.04878275919665 -4.589698108451066
35.01434409004842 -4.5629545385899295
34.915851126629825 -4.565898068397502
34.96857075216169 -4.569408084371418
35.05105682993513 -4.571825007277608
35.025474557036155 -4.522518303620619
35.0179140081712 -4.468229142986205
34.71372284321149 -5.546171238639049
34.698283830347 -5.545856887965404
34.706305566193514 -5.544560512007523
34.82654510760946 -5.532152879759541
34.77702658756626 -5.497127476759899
34.7609498303317 -5.495148165357772
34.79099765292128 -5.480987982311722
34.73556471694587 -5.474806735830597
34.847861707236206 -5.461035728238629
34.74435102997058 -5.458182053415832
34.80315086051488 -5.44635143474217
34.830737222577405 -5.43449484795737
34.7824681716045 -5.418365058056875
34.73774186149203 -5.413714261609823
34.85764185253729 -5.410213016778825
34.692193645259444 -5.39789718421556
34.77518813877827 -5.397811464105627
34.723298932504555 -5.3804690829915565
34.69142351380838 -5.375339428574399
34.72542325989692 -5.353805660342476
34.72207758604571 -5.354402033976005
34.800911243774564 -5.328832304264608
34.78115881294512 -5.340179414100761
34.734111068752185 -5.301686796835025
34.71590979590422 -5.30685022169178
34.78054626296759 -5.321576702412021
34.71593410651743 -5.295059341558003
34.8574358387907 -5.271682669521311
34.68602388097715 -5.250524517698134
34.71886962556868 -5.246658485317939
34.74306781390792 -5.245682022487239
34.787561473677336 -5.238434351194751
34.798947756124896 -5.207286657200102
34.8217006963334 -5.193880268971466
34.71726343737513 -5.167187316594973
34.794711885619634 -5.146682018905381
34.711099399389376 -5.148842900007151
34.795908863211814 -5.163235390654347
34.823801486063 -5.147295394930009
34.719691569489456 -5.084736531335159
34.7102841221919 -5.077704070146127
34.715080085892126 -5.068799486549433
34.748849131404874 -5.067524408976973
34.85877952294231 -5.059196653735353
34.72432384911648 -5.046341440741152
34.801609504765814 -5.0409650413713445
34.76323464769769 -5.041242693627337
34.78555121324828 -5.037588581644106
34.82491534422145 -5.036483602655687
34.83020044761368 -5.013393827773398
34.77306002945144 -4.99295283573859
34.82888429029869 -4.976784592689363
34.714596986891024 -4.975155819439744
34.704569456885544 -4.929980121306594
34.82277497718183 -4.954441895652512
34.73677919850436 -4.960577500372987
34.71203252037319 -4.962426993036754
34.86059052027637 -4.8952203606841564
34.72183612928165 -4.819977873301761
34.76230595308304 -4.797916773762626
34.819412266492826 -4.706542175573079
34.77186055119726 -4.660643844325566
34.85221882542938 -4.65469239865874
34.817747369981355 -4.650415361154046
34.76746588128682 -4.615747325009632
34.708436173367794 -4.604374828601795
34.73425458292421 -4.567139286818367
34.842433983983376 -4.536203642343471
34.69903339495309 -4.528990705883375
34.7350855513528 -4.495018325031714
34.687988133537175 -4.48179553591538
34.71950413642438 -4.457664783996144
34.7688178549405 -4.408207170921227
34.77980387632009 -4.36836143372673
34.572636342738726 -5.587506029985275
34.5352621791934 -5.582704632711398
34.63730291759338 -5.555040178668353
34.66564969853158 -5.532070674530026
34.63687408441189 -5.5316720405148505
34.66311806614106 -5.537750292548237
34.57167814097306 -5.54061603922084
34.54330346844421 -5.542068106923162
34.63623620263209 -5.52441920672186
34.50838471802053 -5.478258903040887
34.62743498440079 -5.475199457404852
34.64418959426638 -5.43812131772746
34.61250298341856 -5.429067002174432
34.50623595051143 -5.404901401673462
34.57585855869308 -5.383462837591876
34.63183948628549 -5.360310087889442
34.5558997138303 -5.3556854156765
34.66235240697226 -5.322890717239459
34.502644641451305 -5.324198638130889
34.587871670339936 -5.304358090761242
34.64398468995723 -5.23713061130506
34.55331777080885 -5.224800964893308
34.65964278186013 -5.20415796240863
34.63650385039878 -5.177689493763633
34.53795409126355 -5.172152098633106
34.58896989230247 -5.151300043983897
34.64805769036227 -5.117648236650687
34.56465282432361 -5.11731477694188
34.662200178521175 -5.130051184945967
34.62022067391212 -5.106962310978073
34.55304325281999 -5.104680750437855
34.55802109316932 -5.099568568575694
34.677296412183004 -5.079436402807257
34.58909713344598 -5.0788158359375135
34.52849817825254 -5.0692012450733
34.640630315209776 -5.068689179279688
34.58303793264206 -5.066065269536871
34.67919438940587 -5.063945124815219
34.516323507397786 -5.0582289544128445
34.56056705229457 -5.040857956908261
34.553531130569404 -5.033357509021776
34.64906513919301 -5.030874899756076
34.60195806795826 -5.004260831668617
34.526925672679326 -5.003614003330791
34.668503066103085 -4.9957611300931335
34.62383486581447 -4.969601581162912
34.52306605638225 -4.947682817105276
34.56698275383197 -4.949562132910464
34.59490782982107 -4.95124535024819
34.64390431831449 -4.963241675265723
34.5535291684074 -4.905104715394389
34.52423392141863 -4.889121342253605
34.50504554887276 -4.830758014940441
34.60309386850753 -4.744982637541306
34.61230354391434 -4.7377384547706285
34.50410124876956 -4.725842453324762
34.52623991236523 -4.722037258554691
34.59079707113974 -4.700015680077058
34.52082575531231 -4.672959430291066
34.569312836658135 -4.656757674875548
34.55043406343522 -4.64793986217638
34.662298122770395 -4.6400165812127465
34.568950440164514 -4.618924694829477
34.61127744920349 -4.595032061901766
34.54377046756319 -4.585080950234066
34.54435764753776 -4.54877592649316
34.57219043555125 -4.545373018416929
34.655052559531484 -4.503754517871093
34.58378966576153 -4.452425231607679
34.52066272539705 -4.4458224712286025
34.555022229951625 -4.4446491161658175
34.51695790746443 -4.442780012942939
34.669688048319536 -4.371807379900469
34.67442542435481 -4.393975903813421
34.44698538810701 -5.556684005091655
34.47965752708684 -5.54221570983558
34.41608555289697 -5.513819681349498
34.45044664925506 -5.410776292493594
34.32380184002927 -5.385654925779555
34.330403908512565 -5.375824685957719
34.39161822114489 -5.353790330184356
34.36958587693878 -5.312132926739787
34.480616854268014 -5.316923640115022
34.41018511267612 -5.322712937470459
34.345552188356166 -5.279274478568138
34.32483841937822 -5.264932503071678
34.47369336390333 -5.264368255292755
34.47846632262373 -5.257726827148055
34.36312285068375 -5.242231843981779
34.43979960629701 -5.224939398354053
34.45653470843041 -5.218999787564027
34.34097596241589 -5.2181269669767305
34.42683172222393 -5.217318651462578
34.459307059256844 -5.189836202035503
34.4277573516634 -5.181787481599508
34.49380583490589 -5.173339527928864
34.38607830246273 -5.165914327755945
34.4511607031666 -5.152116167664755
34.394808845316554 -5.0958631772502905
34.32060144363764 -5.092750630396471
34.397013141239015 -5.024894988517059
34.35329263959245 -5.010788493562246
34.45682582270243 -5.0040750850857725
34.42930637201948 -4.990629486373516
34.49545670302763 -4.973797092300128
34.488328448542816 -4.887443711315486
34.48407274470552 -4.873344316640116
34.43469250761924 -4.872713950136267
34.42867698891159 -4.848039648760483
34.48277735614983 -4.817116623208031
34.34535542361272 -4.81551929544837
34.378117693298826 -4.80805506212423
34.42648081082032 -4.802875679287865
34.45202910147215 -4.7707215555336
34.338834316355715 -4.741972855169548
34.37696064025265 -4.754066671511849
34.320401084630554 -4.767115936355604
34.404563560241336 -4.718423668419847
34.4713860375001 -4.675979093576682
34.344006483967135 -4.63812385943712
34.38119627465119 -4.614846516213052
34.35336875479632 -4.608754726673064
34.453666345736195 -4.560571516978653
34.31248028045587 -4.563950749686101
34.413290535818255 -4.590299860329626
34.38823747416717 -4.547075035427023
34.34413930921295 -4.517928108694639
34.33768718033109 -4.491532265781664
34.421555541303825 -4.490243129318305
34.427390759244965 -4.479448272274157
34.340782744882866 -4.467828920896778
34.4373138387728 -4.4669840599534565
34.4137508600363 -4.465761581208035
34.36639104905792 -4.4584993034886695
34.48315649209621 -4.444178119194041
34.44430703871344 -4.440642788722673
34.30991544173833 -4.431605897721848
34.44839508314151 -4.431131884979129
34.37545606204975 -4.415886730521118
34.33468196370164 -4.395560664280213
34.25916388223154 -5.52173330337703
34.27993293758684 -5.489340393949778
34.246780244344315 -5.504569753790084
34.295199700332844 -5.47374974864272
34.25133618383827 -5.44223164862497
34.28542111942084 -5.435224242375534
34.2969281807371 -5.3715919606534985
34.16178426933184 -5.361032225407581
34.17229875312022 -5.328995837233344
34.29577058606523 -5.291290347445793
34.281427532151675 -5.287745890832162
34.22361260272012 -5.266184081614159
34.30116334758435 -5.264737725781461
34.26144632318491 -5.249346586237997
34.12853579884629 -5.2372971389433705
34.188087052866884 -5.2257900520458165
34.289395074393084 -5.224422121039522
34.30501744722285 -5.184556992739393
34.21705046878185 -5.167199705257297
34.23943194543079 -5.12051462916215
34.17725309704956 -5.127430537160498
34.1454866156489 -5.142126282508037
34.13725573692059 -5.10156573082003
34.25603940602603 -5.094710374793897
34.182087603446945 -5.0582303579092125
34.26926575761438 -5.016616347821062
34.272690824399206 -5.011257920041004
34.263709574460954 -4.964337083907888
34.22622350987295 -4.845563485136876
34.24266355459994 -4.821711598081296
34.27646977512009 -4.818670247659399
34.259580254764614 -4.792801681172063
34.270605952736865 -4.718975681913199
34.166028896612595 -4.708370422521569
34.15842570108943 -4.681691730833631
34.23979238321472 -4.6364445557611385
34.20140934813139 -4.575042316107533
34.17240591956706 -4.580048821173371
34.21789854090482 -4.521073863633617
34.149709460048 -4.462447219026756
34.13881090240908 -4.450674850659817
34.138033788653445 -4.4194210381881
34.12178423024336 -4.41600559693821
34.09142352020283 -5.164702957351177
34.11553790399821 -5.111095900073357
34.08479850757332 -4.52142934702195
34.11443561404116 -4.508221155477224
34.1175987278278 -4.482101214893791
36.40309640148104 -5.689335343762171
36.44914326173073 -5.682745005994626
36.38973935138351 -5.66657179930558
36.38008985822878 -5.655919949853345
36.42388371475546 -5.6486308240089
36.43281529334509 -5.642613569095846
36.419750399332656 -5.64156580417382
36.354724673329976 -5.636743482469477
36.44830073072135 -5.6362651926928296
36.46171622089359 -5.605668266307293
36.42388522428177 -5.604257093164055
36.40274970385314 -5.509456469932094
36.48811423109353 -5.513199000452473
36.4349531759083 -5.545641566729249
36.37878894543282 -5.564900681011613
36.50056916440612 -5.467760135679462
36.36791300126274 -5.425606018318272
36.41007893128271 -5.423209424702889
36.52435450554066 -5.403775292387203
36.41908531765898 -5.337235823338471
36.37462708982693 -5.344496660031256
36.49630989651256 -5.344384101938177
36.39258164950672 -5.345275308924435
36.50461090742144 -5.297431444695885
36.53191876257133 -5.251027149191297
36.37465216357978 -5.249616545357799
36.43563634148114 -5.249584495803799
36.45157277055907 -5.243647222365938
36.35965195492002 -5.2422939540197335
36.45709068969231 -5.218700040808424
36.41051844122424 -5.209798716590481
36.40989026561702 -5.205714204737379
36.45210074056028 -5.193792762372567
36.466459257579714 -5.192965659579895
36.49592618223107 -5.188481956974492
36.53322339451764 -5.1884415538639255
36.47982235416394 -5.166557939372935
36.4908337329649 -5.1704970121035885
36.42540606470706 -5.125555298316388
36.51629810227547 -5.131406302352515
36.39001670298865 -5.106792094471071
36.438576339329686 -5.055944134200767
36.53817664189692 -5.051758307817709
36.53479551307304 -5.020347304155864
36.46406064705923 -4.994925151542471
36.50278855261809 -4.964627523128035
36.399206010418766 -4.970180007894158
36.408342971697365 -4.866863132266601
36.45700545430967 -4.831302897740128
36.42830752808026 -4.809760458978947
36.46464716381001 -4.794641226302208
36.39962147420941 -4.7404310270942425
36.47358414458503 -4.750083782912896
36.53372799222626 -4.641033864746518
36.485769676084885 -4.589455776068196
36.39413187714078 -4.627056386666233
36.40042759024985 -4.580780375780667
36.412067056945325 -4.432907223574471
36.19338906110968 -5.853637810501874
36.20967525790145 -5.842696949109182
36.22639355373233 -5.823483120917684
36.33265315865286 -5.813915389078259
36.17609859786942 -5.800015425200752
36.35268586300208 -5.795930388069588
36.22042220391962 -5.780927464258778
36.20102083980438 -5.779949926127439
36.23141804079889 -5.777296940537702
36.19040321294838 -5.700607908835575
36.29541751255093 -5.7312043110286535
36.2574217009807 -5.685381876689247
36.24639303378815 -5.663261144905108
36.22552072248747 -5.6565158176229735
36.293712978233934 -5.6418337158763965
36.21719941002837 -5.615064544944096
36.20542358215536 -5.614416426185794
36.24446505978224 -5.592615077204732
36.34412757336519 -5.57925895702943
36.313559108747405 -5.536042535425069
36.34253182098104 -5.536699330044945
36.34220213734713 -5.548319827235108
36.1824743352952 -5.492740722581511
36.33345865012847 -5.509657703449191
36.17737259861833 -5.514992986799945
36.21108700945965 -5.475496760250016
36.33600515967488 -5.466983145651308
36.31460362387881 -5.399283945879247
36.21508207014364 -5.396599703097032
36.23419319406924 -5.396925758038202
36.185782347656 -5.387429599787769
36.22420791932972 -5.381670444851673
36.21188686824004 -5.338046783330406
