desi_paper_data/fig_26_b_lbg_cosmos.ecsv
# %ECSV 1.0
# ---
# datatype:
# - {name: ra, datatype: float64}
# - {name: dec, datatype: float64}
# schema: astropy-2.0
ra dec
[from data line 862]
150.35688838986394 1.6366710226324883
150.72185593860877 1.7254110596423895
150.54735962259596 1.65647497478866
150.60885285519666 1.7287640521713186
150.50942020398998 1.6403452820770306
150.5903928493007 1.6734230664959433
150.81175594875324 1.6485122183941106
150.3746275126683 1.9771347797603056
149.9412003041989 1.0132834293563675
149.7604182111631 1.0014897978592192
149.8833890944463 1.022139259443275
150.4156047384862 0.972656087732772
150.2606003753026 1.0860644478973671
150.2856985571427 1.0688776826972584
150.29904776465898 1.2769913387997902
150.4248104990954 1.2931407906509196
149.9024930919244 1.42681576393963
149.8731183638233 1.464483960309715
149.99454042736647 1.3857696868971074
150.12992362360907 1.4577272731740425
150.0040561735341 1.57141406212358
150.0870799495055 1.4068903146699838
150.07560751208877 1.475965258785127
150.0712442740801 1.620920169932535
150.2697607776171 1.5827283843531903
150.32300977684957 1.392464214359749
149.9885512061667 1.798921703792762
149.96750557841554 1.6979211991440302
150.2416725785714 1.629059783981904
150.14330680449677 1.7404961889609136
150.17229898153943 1.6916410452336812
150.32383656892446 1.634611450104265
150.25031523147206 1.6670865535207249
150.139538566496 1.8764637003182445
150.0636037192748 1.9307092800765235
150.10846012015128 2.050856152856457
149.83883298018597 1.0145256018880908
149.79207106715867 0.9711438849355228
149.87442886730236 0.9716400351739228
149.8959553957406 1.0975045388469669
149.99988728042698 1.0729355861963512
149.81466300956455 0.9608562583249112
149.7965289296382 1.0336765277033475
150.2484455962853 0.9530764271392812
150.00629879951046 0.9605486293201996
150.34145926956592 1.0539377969403003
150.32346803264076 1.006216040825906
150.26780728402306 1.058173203141747
150.3906752796741 1.0323157181012113
149.9972967279893 1.1380791591482493
149.84479204717417 1.330935046886933
149.91571572544623 1.130682601053847
149.94402952639902 1.2751621102855513
149.90261978234753 1.1499335152386176
149.8641504290486 1.3342896551390724
149.86543968651594 1.260802494042232
150.2023994211699 1.3659489960582152
150.01065671306628 1.315482802743861
150.04795721726546 1.3570357344508537
150.24301981382425 1.219305919616243
150.10321280029814 1.215834008593179
150.00416982973812 1.2529830418563956
150.22131483642073 1.162786099016858
150.2009475274777 1.217074831870245
150.16571281463376 1.2987994143952948
150.34165203110007 1.3507530988109402
150.45371400494423 1.2075785096723424
150.3489457058987 1.3197139113672225
150.30781063084643 1.309584808655586
150.25996620595944 1.1263776030610992
150.25144091530103 1.1583489846835404
149.96931160012386 1.4709901399941945
149.91936305334036 1.3823506947599922
149.92863748791257 1.5786567978243968
149.99160698825864 1.4271825528411943
149.96111907353563 1.5143753927876162
150.08191046171538 1.5221762560048162
150.11519759167763 1.405410534933297
150.1319331920762 1.5078835964954365
150.23107552084778 1.5297830914807782
150.12243817151978 1.5379032235222618
150.0925440047488 1.4524871387631215
150.15052164436432 1.5299913962644702
150.2333578837397 1.582249108828463
150.0606029334243 1.399955371384513
150.07334225800915 1.554264036141575
150.22765904567032 1.4047869565869924
150.00884111905728 1.5869565913884272
150.03806402171605 1.5923550332185288
150.18305158745753 1.602765256624898
150.30535184333704 1.5594101689287228
150.34448190637127 1.5819971862726658
150.39817126189303 1.3872936252467796
150.21523914024678 1.6728572056820803
150.1014395092373 1.7015972438407323
150.1681063913997 1.8035676694875489
150.2253596371297 1.8405335476591345
150.176584487116 1.8521223770807416
150.2234873117051 1.7709367285883328
150.03896941023308 1.7547739135256146
150.2636865173846 1.7765624357036018
150.13779921407126 2.0667095051631774
150.08491653018808 1.907544539727585
150.12365624175982 1.9514378583675136
150.1525372049327 2.169000413877592
149.09262762932497 1.0983022279210284
149.466568632249 1.0718748938453462
149.00763623333498 1.2431048995430605
149.0848167351684 1.3735360589234973
149.34879566633035 1.135446928605192
149.29095897428854 1.1329534043874383
149.60342514771378 1.2856797288956237
149.7524008895925 1.2554789965942603
149.75726743644162 1.356514988932847
149.23287073284115 1.5429058373819131
149.02306136584554 1.392613147263817
149.46189066896562 1.5459944673432835
149.29568692781024 1.6003651710576712
149.61981651161966 1.5934357922920797
149.72941017251995 1.5387365921240794
149.73560146077625 1.5781277280704202
149.69436403624533 1.5295016622553994
149.6570053041708 1.6169170457451514
149.82415615358508 1.583919933478476
149.79474075025294 1.611905359899971
149.79836808531485 1.3916705151039284
149.7716113497284 1.414963475332897
149.4623337935956 1.712341340101067
149.6078433459679 1.8131891922505503
149.52052161571805 1.6402737852570553
149.66926154975408 1.6978077488923031
149.778790532523 1.7423039013185166
149.8545272899633 1.8438862816910748
149.86583851025156 1.8739519518732848
149.77874897096638 1.6343384832785102
149.76709314315158 1.819278650670053
149.94662016238112 1.80750540693998
149.90889225707977 2.0953593852907044
149.826257623648 2.036835529558181
149.23669836360233 1.111301268576201
149.2395222742751 1.0051783670218333
149.21284003400606 1.0400106342558342
149.13858882285453 1.1184924955440194
149.14250179556888 1.045814800308592
149.483210197015 1.0098900838756926
149.40486429106818 0.9604368638160448
149.3592132185773 1.0501376862358456
149.39232704498596 1.12489793635706
149.39471080303957 1.0137735139092665
149.60331444990877 1.0545454330739137
149.56248864481466 1.086628493765924
149.53609583352485 1.0589130018951145
149.2384658344284 1.1536165714173583
149.22419959994684 1.2948300482026578
149.06101418678486 1.210085738395718
149.13907461404847 1.329856707955359
149.17278586531265 1.238024439876863
149.17061379379243 1.2762885965717967
149.15675255959468 1.1871578770705742
149.19190708649242 1.2059544185598
149.2210742732854 1.2574681870693991
149.19620442455343 1.125137948251599
149.08106734327018 1.2708877735100077
149.42452973059605 1.1307182717097353
149.47324684792292 1.1619256215833516
149.58948987569192 1.3593733511649984
149.56158744633504 1.126297930198278
149.7142799528052 1.3421793094618866
149.68012692969097 1.201481493614725
149.572437720604 1.2620222903662364
149.66000810401718 1.356367146696624
149.51067027762096 1.2242382563447478
149.51543880465684 1.343519739475745
149.66325999754446 1.195120936577355
149.61230570889882 1.2009530254837737
149.56573178924938 1.2294911303695302
149.70970833864712 1.3745745498294322
149.56499706874405 1.156995046918168
149.5502831503606 1.209819609547912
149.70846903345156 1.2445592086708477
149.67681586904095 1.3608944795158466
149.5004612694274 1.1452877379008153
149.15635918799342 1.445129251610225
149.041164465003 1.376245658760342
149.07029983264405 1.4259355138170513
149.1823713050284 1.5772170007552666
149.2212986335464 1.3839402756119945
149.22391112574317 1.4539851584780423
149.17208389487297 1.433935023969116
149.14032281378385 1.3879274603301217
149.11680844831312 1.4867458802118565
149.49925435834913 1.4655377796278308
149.38727440196695 1.4218365527484909
149.44744766960977 1.5111802731574993
149.2897150846539 1.513520954316916
149.46381768172645 1.38804846283977
149.34390463869647 1.49386311836322
149.46379564199373 1.4532520898059296
149.44586129425923 1.5552692131053756
149.3367300130774 1.5104865543518078
149.54234716544528 1.4879566386096106
149.50220873200684 1.4172956147118343
149.58846196684004 1.6054201286800054
149.58850313247996 1.3843943810624086
149.6180648574604 1.4115424094663451
149.70763745781406 1.561034443564777
149.7213816318829 1.4006256581846277
149.55405221973666 1.5733832086919848
149.5916030061159 1.423449008731642
149.86594387866478 1.604244467724928
149.76903048092262 1.483880598858399
149.8368040268612 1.4563497613572525
149.804662582126 1.5782830337442548
149.8295041814423 1.447905395361425
149.83331635825792 1.5102761236332007
149.4752938106748 1.7677218348046122
149.32554492742267 1.6519665734676745
149.6927307540705 1.7514629893275806
149.58107309046306 1.6651372922345915
149.5746680276791 1.7605033405991355
149.57361234073448 1.8534158025421568
149.7117974952942 1.7327250384030497
149.72145713824452 1.8520902896584528
149.6531960790513 1.864924437684393
149.89712194078385 1.8361025853515045
149.8852723346501 1.7675461301400612
149.78171318958138 1.793602719974221
149.86490265295137 1.8031884988932223
149.74109822743986 1.8863646062713424
149.69782313444335 1.96290158277624
149.69108729982622 1.9396387826943493
149.9865126358914 1.9178727409533431
149.9854183491732 2.012780652881768
149.8875458694361 1.9641756634107816
149.95292229579633 1.9045420723733344
149.79485962669028 1.939481571558339
149.95553892491094 1.9361931749873167
149.98783574507786 1.993585857766487
149.85199316259664 2.056354510908453
148.99713643541705 1.620045523640206
148.9519539378676 1.4758980073546375
149.64503655633322 2.1515372792469623
149.69196462193943 2.2619230816928773
149.571177348105 2.234056343820018
149.9339474879176 2.1843058784521685
149.87968372191077 2.1638101386113617
150.03049347762214 2.248520607369112
148.9717347059323 1.6143332214981163
148.97691784344983 1.5796319697872976
148.93732158022064 1.60781654838021
148.96407118985033 1.4904383472988758
148.97885415672803 1.598844194737703
148.9493359960279 1.66968736216476
149.18602090947422 1.850822098068697
149.2375310258627 1.7954349150054676
149.2268566104069 1.761847902581459
149.1530899235204 1.8265017690851144
149.22892213007995 1.6905850755790053
149.13117032026648 1.7956340247471831
149.11008738823602 1.7037879409187853
149.17356589474332 1.7051802442912736
149.0087250409789 1.6702944716462411
149.03027930022128 1.7483308822310692
149.4185192073345 1.8223750635011664
149.2702846781656 1.8680679577486288
149.15691668399612 1.876968820627716
149.23889486343813 1.8945815974040432
149.10725923979132 1.9346931108734768
149.39607383086388 1.8835757355361813
149.35061689878512 1.8829987740273173
149.29760670562314 1.8881485241721336
149.40633917274394 1.9494448710605123
149.53566502447887 1.9352528331923604
149.5882991959489 1.950133930038852
149.65877745014407 2.071970997323821
149.64721840008804 2.249507324224071
149.58574916500913 2.1890796182654344
149.5811599692639 2.1606899853426325
149.703569973395 2.2358994452843937
149.9439501428314 2.244388657307441
149.84436014967946 2.246978748498879
149.9990294133813 2.230291607846018
149.85900450961276 2.228414618433075
149.75462222768684 2.1529092474764764
149.4581709565169 2.5947348187918564
149.52237632802206 2.421267211418397
149.5488219471844 2.437532622954292
149.884735796354 2.379561649767209
149.8447871885028 2.431670942584337
149.81371041561053 2.4664580015161386
149.2150105196663 2.861638472342168
149.21861926509413 2.83698731226849
149.11209436056822 2.868368495204239
149.10966434983982 2.6798149775059623
149.3860283428253 2.7118456420770083
148.96575672123234 2.891491996313824
148.98662982581365 3.008441992813533
148.93600976526324 3.0751745675176725
149.84342894799462 2.340040241609062
149.0967603705666 2.585498539606012
149.20325374623306 2.45909475931428
149.11878680204936 2.505793172616203
149.06015583905526 2.5312027509944093
149.05271302746058 2.47595302114949
149.04548951536898 2.5883965653508003
149.18393333198495 2.612378232455232
149.44472975347065 2.58325839243354
149.31152690913723 2.484935690954009
149.3598198815872 2.475175107381116
149.2954624002793 2.525611827752724
149.48954969748257 2.537525025969859
149.53542065094473 2.507907243105905
149.5206844189999 2.3842888608253805
149.5211875370615 2.610640747929036
149.6405601417329 2.614632492080085
149.8014714285939 2.451163957979872
149.7820871778493 2.47129632016613
148.99049677742286 2.701884713312441
148.9208689872771 2.708677461383682
149.08761091288332 2.8058612738749
149.2067648325381 2.630632241944669
149.1914071715055 2.767375417039057
149.10703317601687 2.833748392814284
149.0234406314987 2.706842386365843
149.0229035393457 2.870528937431633
149.19364375274995 2.6514162289051875
149.0336131413726 2.625127752896492
149.16007040195294 2.654050547461657
149.09261853342088 2.715974955644897
149.2133621800287 2.7993171835534327
149.06748958280303 2.8566682987238217
149.2313082778271 2.813545270473029
149.48105006456564 2.6480854330192005
149.32937398661014 2.735216255307628
149.34089057250603 2.7459670607898725
149.49597687132135 2.6387662886605288
149.28462268018794 2.686048912896597
149.2893453410017 2.741499437636936
149.3659544239719 2.656203440138265
149.26208657734304 2.778993323617657
149.4091853041471 2.794622997432094
149.52059704853252 2.661200729013165
148.92858936654218 2.973727569643073
148.93021844038876 2.8757399170577
149.07982676351722 2.95790186810256
149.94779214911037 2.5525087439757272
149.87424424081138 2.6093125813394265
149.5923446621024 2.8095731460273443
149.56112799455894 2.8549821575445096
149.65332844737378 2.700067922572607
149.72230662751724 2.874744000090185
149.7936224882051 2.844899376734704
149.884660784985 2.8709111655962385
149.03423963517903 3.1230341398340022
149.85029865951148 3.004236144357784
149.0470146829869 3.187867370399563
148.99667577269545 3.1668584144143472
149.4492972404923 3.141067092662846
149.57937928292327 3.1940293089742418
149.8120972178729 3.1411751460290103
149.7558744824285 3.1774602073233544
149.80652884937015 3.1619190755198154
149.73154912772722 3.162675188574492
149.85526924124292 2.502025592293572
149.8570584733299 2.5762971450742147
149.93759671545902 2.5848910269482603
149.92490443150828 2.6204078979722665
149.95137704038015 2.498924379626412
149.54919248178544 2.7220728800660123
149.6340705135797 2.8301421480918787
149.62567930661527 2.74024129994062
149.6353416483354 2.7501852322098093
149.70383889566062 2.65779309106428
149.712104906664 2.866679817429972
149.86038878772294 2.728024999144882
149.83086623944104 2.814276496972567
149.84949574356395 2.8652295657793023
149.80315190021818 2.688994953634825
149.89403130877133 2.772016233404197
149.7762610424655 2.6542802403152983
149.93133933213704 2.7694239027286813
149.88063422071988 2.787795351877329
149.87711328381232 2.82732721001104
149.2359998798875 3.116217291106579
149.0980326555268 3.0718353267493894
149.22724866927743 3.001791758426344
149.43542359138442 3.062761937570366
149.444563738623 3.031250322451722
149.26963618488674 3.0205871336398094
149.46428934202595 2.963162783280336
149.36448623630315 3.0061246715876337
149.4964147065107 2.9312797350946567
149.39652926369658 3.007212571657355
149.31134965569925 3.0912655013879053
149.33111285992655 3.0289885718115546
149.37638759785273 3.106589786612324
149.60601076915728 3.1228206905324125
149.70866534803676 3.051146047354062
149.59527821027925 2.934567594245977
149.53753469441617 3.086966696195202
149.6528011785278 2.990370355568909
149.54235652263353 3.052599338758796
149.5399315090691 3.1088461573086112
149.50350258065512 2.9740597480775404
149.6965250206307 2.9293264797254577
149.6067168052858 2.885873201665868
149.66749632062462 2.948651204620236
149.66669104036333 3.034624742614858
149.70373180989372 3.071176593615492
149.79546528511602 3.075999487042957
149.87471333361563 2.9123314788575376
149.8250004722903 3.0470855514050608
149.06917248324245 3.295965274880494
149.18441492875706 3.2591955060004056
149.05782787137085 3.3051888594699403
149.1183952066076 3.3718525008009617
149.1021347079083 3.195997773373972
149.10439592716432 3.2485380592458224
149.1463199136114 3.279343505129716
149.1790696497386 3.135776544575288
149.18678058007706 3.294477280497158
149.37036398612216 3.1938539114460744
149.23184145557548 3.161684399069104
149.3269406563851 3.199301757386807
149.30987931891383 3.24448979204466
149.39025772424586 3.357275258270872
149.41770290643385 3.1301316476097965
149.2821780140668 3.1647348024934283
149.22405582831334 3.1846978017064544
