desi_paper_data/fig_26_b_lbg_cosmos.ecsv
# %ECSV 1.0
# ---
# datatype:
# - {name: ra, datatype: float64}
# - {name: dec, datatype: float64}
# schema: astropy-2.0
ra dec
[from data line 1292]
149.37463736299026 3.30336255840337
149.4065277498053 3.3144271948004898
149.2076081658463 3.327022046256239
149.52014790126316 3.222254337013396
149.49618696705258 3.331004957834279
149.50618521625026 3.1857064887156112
149.52828220080488 3.144407649220703
149.5352446828762 3.2409055855254354
149.7038366588517 3.302136597878344
149.68369408285025 3.1644632708244824
149.63844759152948 3.188921104753713
149.66477165145517 3.279746728331244
149.74890518579824 3.334939331372186
149.71361936690167 3.370995841190764
149.18344291754704 3.4438559432489413
149.16722842942755 3.418723793912902
149.33329464877414 3.4459222984180538
149.4175132736379 3.4301286888350337
149.5969823799167 3.4100451423687588
150.17191780971166 2.521183760397008
150.0963487059628 2.4253529966340754
149.883990162471 3.059896811282964
150.07909594239084 3.024491448093793
150.15116787689627 3.178969807449742
149.80705758636842 3.4243705400781783
150.15186521205624 2.5649589564080104
150.17304698832442 2.617428918453227
150.08854802629048 2.622721611006737
149.9944348002302 2.731286268270428
149.9975918373474 2.7869933758476817
150.19134466741733 2.7827453956019896
150.11336283194248 2.707781427370951
150.1406021241801 2.79368681167236
150.1190753124781 2.8545609082849035
150.2480131598071 2.771179036785548
150.05825820155505 2.874668374897456
150.2527659799741 2.8231005032974634
149.87272430441604 3.101919072267928
149.95174307771734 2.89742266758202
149.9661868309541 3.114338716579876
150.16870787531545 2.957394782804768
150.17245129313636 3.060800471705305
150.2126413258321 2.994874801935131
150.11962446554304 3.0342845429288907
150.19440082070753 2.891017133320446
150.10590814958664 2.976224337689279
150.13717277576333 3.0023569879668464
150.05667530836143 3.1122263824681293
150.23960093023922 3.0948401231854104
150.14337034111344 2.8756782821440376
150.30102366100155 2.9532202025275693
150.2918990693171 3.0101845325304533
149.95085418969128 3.267861493302557
149.95714120145448 3.237180622106981
149.8918008715518 3.1652809227284813
149.84512423468277 3.196773530796828
149.85060296204503 3.3149259369133306
150.20016015662264 3.3337932377797106
149.98766733188197 3.2102146236982545
150.10976944208434 3.201779535596368
150.1985171605371 3.2130975602107257
150.05431738348207 3.143691620103722
150.1491802123494 3.16302404293376
150.34743404138476 3.3204949232936025
150.37168212493438 3.3585628055755072
150.27667506694792 3.269437323253685
150.2435347943126 3.3720125297264536
150.42518829811982 3.3391539781037807
150.25580157796085 3.157906859387251
150.27025242644183 3.14396312231259
150.40890530445145 3.402205759084193
150.30932258144787 3.419732778496697
150.38543804054143 2.7634905359789435
150.32693943575873 2.8283040572597766
150.2890804238464 2.7734020346975807
150.35869064706552 2.859887327178743
150.43792445925916 2.7963145991732694
150.34244157612093 2.6960961460458543
150.7312393725929 2.814773628084688
150.56899938340334 2.769386473130876
150.68120508227383 2.784255549677745
150.63182051906168 2.7267484851837662
150.41505039958065 2.988771756304607
150.35498529139528 2.9119415500087604
150.4236676578247 2.894128518934416
150.7134364550992 3.015865499580316
150.5358875477904 2.894353949170627
150.64945393264088 2.8987258048232705
150.5243883903579 2.9795953346144755
150.97717045648358 3.093219339086406
150.87863956591195 2.9995545492934923
150.566131445067 3.1946359370975284
150.71971015833128 3.237620228666665
150.75603675025707 3.202076238484738
150.74275937894566 3.3721754348132373
150.7265918924461 3.135547133638238
150.7094623985191 3.325540593617132
150.72806600334027 3.308349207335341
150.81191538015364 3.446275932780852
150.37837592984698 2.6754703416465526
150.4502705543666 2.822919925359818
150.47140911851494 2.6701185591347567
150.29561002713376 2.6836686327285504
150.32175997028668 2.793985406986947
150.45251694829994 2.765380898262661
150.6966759971396 2.8453340991277165
150.53667745899722 2.67869893790146
150.611184814105 2.7085799403940154
150.53198905026488 2.835608474673994
150.50423631818973 2.8267788177042985
150.53751214772498 2.86735284525797
150.6947696742649 2.796308691497026
150.45067680275514 2.9768726560405367
150.49473264348794 2.9104806969193167
150.3792203925608 2.989958568248864
150.45763162617695 2.904265947192328
150.47371250260863 2.9311650866340564
150.4748952011563 3.0955667392919417
150.71822125546646 3.024607160000465
150.62276912117358 2.895288304048335
150.6406068008327 3.02045728042618
150.72838819459542 3.1023602029327426
150.67777769521348 3.000998353770937
150.5624727354739 3.030109178363256
150.64001106808544 3.079738709980503
150.54425683916114 2.949630660942949
150.70665590789662 3.023669115185208
150.50848439896055 3.071863900901476
150.95057178072403 3.11609231364806
150.824892142332 2.9347285254774023
150.97654930167954 3.1173497787420783
150.82728460963813 3.114591578694959
150.9908678196685 2.983328288267398
150.9030083319039 2.9874875400336087
150.85048827125075 2.9889866371035803
151.02072762912064 3.066039493815959
151.09810969105467 3.105392006301767
151.14133460950643 3.1134859802774577
150.61369332470753 3.2364675020671188
150.54584892836388 3.288500655241684
150.5219509723661 3.290097166184136
150.61240081501526 3.296657684795268
150.56920892704403 3.2971535448096367
150.68001639264415 3.125528083375229
150.57774222041365 3.279243213086448
150.62947912611946 3.2939352179473125
150.6640975390943 3.355002812441641
150.48737837567796 3.158369247187853
150.54106472835414 3.1497301407171125
150.62704642876523 3.2157454804485246
150.74477599093598 3.3227584476976464
150.91383564167936 3.267300783354068
150.83042400738637 3.1297693003174047
150.79786645075598 3.3340939076004883
151.1569906612415 3.330751573938392
150.96914967677714 3.293781295404149
151.0093571709019 3.3056075344116307
151.08102605952544 3.368213955146147
150.9734589377215 3.2736861584904418
151.1563099353611 3.1682301072356576
151.16763413328496 3.244232907080422
151.15482683775008 3.260141892023738
151.1501518224095 3.368387393032976
151.23209168957638 3.195319997941684
150.70408949035422 3.4175123901034508
150.56095861688564 3.4084787791336537
150.65724016622744 3.379466889873984
150.66092490068164 3.417102401257376
150.55292533815148 3.440728046192459
150.95255972849608 3.375787558596352
151.14029125832226 3.4340083384886886
150.99934969203295 3.375282095669036
151.0369225417929 3.4002427616893542
151.07605544732243 3.4372839608615937
150.35139916493424 2.3224112608837704
150.63836722742832 2.329600306420162
150.25667929796646 2.378617911505525
150.60356417174668 2.536640601528745
150.5931203145483 2.5345530362218587
150.79430679414773 2.479643564828052
151.02473410182878 2.522411245862143
151.16092352392437 2.608875461795838
150.7069633277837 2.6508012550181745
150.97396748466184 2.8460808710481107
151.235479222699 2.728388284022998
151.22238649657433 2.9227410743214013
150.23269605168483 2.329615038773697
150.6955994410038 2.371887547178421
150.69146821026834 2.3509835072939307
150.61044434451955 2.363928369303601
150.52212858339854 2.4115826562415656
150.58908993275753 2.375494098000332
150.65597656692944 2.474938349079753
150.5720744149466 2.5628527258747007
150.57068282264424 2.584862537671384
150.51495290421363 2.4034802059926466
150.8898633720939 2.5655749864559945
150.8326931757179 2.476071636726376
150.88771231222404 2.542385594911748
150.93162784624352 2.4606307997964243
150.96676037218586 2.5088577803165983
150.8013735930772 2.560092740865375
150.87762772514216 2.462627315977916
151.09167734644595 2.453027912878206
151.1154882824116 2.4877913140872616
151.1507343520924 2.507281755906661
151.08388107192854 2.502981779126503
151.12724996103913 2.4722513443358936
151.08689146766807 2.5231661231394864
151.10704259108277 2.615493961904663
150.64882148016068 2.6696539017683323
150.68717343862593 2.6470167544185017
150.88231976742188 2.798847059645815
150.98868908985176 2.629364193717699
150.85464853319908 2.784639228212481
150.9908528524128 2.7009238377645333
151.07243194380092 2.6830062984527974
151.16733493677265 2.836510344835593
151.238897389782 2.859557696922835
151.10577365413633 2.6592898506689684
151.159146905815 2.802651848363796
151.01021166005805 2.732470723314378
151.02642905034273 2.75768902612767
151.14681313984593 2.647910643271289
151.15507397034085 2.7416856657318047
151.1418213880996 2.776170365835192
151.27212757811316 2.869538186957626
151.26892820018554 2.842870585290146
151.2240336397546 2.9951617196335305
151.07918435554885 2.904045969825498
151.10543483347146 2.984923575487163
151.18997711580215 2.9850594260131618
151.1580866061371 3.019272700501697
151.22330357008494 3.0660979299538376
151.12667600763334 2.9035436043489766
151.23964402835446 2.957091872276476
151.22856573344382 3.033580751917101
151.11492659116743 2.876136820066888
151.29890274119796 2.967705211998473
151.2745406972502 2.953688053288331
151.281669362593 3.0628097941794823
151.25962470808855 2.9010239150204327
151.13765302337663 1.6215094432307675
151.23369541554146 1.5648611703029291
150.94808348728603 1.7470325800510842
151.13650507297686 1.6647069786887314
151.15847504718204 1.8446520050652555
150.62784202248542 2.01407757307798
150.79123610567285 1.9157797992013088
150.22131548946314 2.288144564391017
150.33081313624427 2.277188007156968
150.38453266002085 2.2224904228380886
150.2689956220128 2.291799022564537
150.35497778475536 2.24635539154178
150.55117670239557 2.1399816795929447
151.19583157048126 1.60934642504021
151.27286473193587 1.5435535167559429
150.91500453159784 1.7928156325262172
150.9540636026803 1.7375585099724693
151.22721479624153 1.6487672264170945
151.13906210675316 1.817425202754367
151.13021015113588 1.6275129518090317
151.16305308734542 1.6571842211149364
151.11214774088535 1.7367511871499908
151.17332745691155 1.7921058337857252
151.26543911458162 1.6952459133290672
151.26749330818 1.6600795898461345
151.2810719142052 1.6592774378785866
150.63002729012194 2.0957838917230083
150.67232883659548 2.113212461849765
150.67316889966256 2.099168426710028
150.59317268058402 2.001585832357327
150.5311684238193 2.0830159830724075
150.776591032341 1.877558276969768
151.17488986453137 1.9263980617459115
151.17097792934462 1.9461701867709384
150.49550047437572 2.20217943468108
150.31110957574472 2.2314690522302354
150.6579063440072 2.267315989402451
150.66552564778613 2.2377534836980484
150.57003313543024 2.285509785675393
150.55604801948323 2.188057216149574
150.5991086198919 1.010432486302838
150.87475610385766 1.1040497899046364
150.7164785055047 1.204338871559261
150.53334891423563 1.1697139787216329
150.71744921652527 1.1408973304711991
150.65136385869314 1.1353442163711214
150.54497740640286 1.3189268265145866
150.56160210192263 1.2697117512357412
150.67443468240884 1.1530590862894232
150.57390198644728 1.3690814190594682
150.82656688911132 1.3606982878695868
150.85666038086742 1.3190143379879236
150.83875455060297 1.1362295844930812
150.94373735732978 1.2896688482839558
150.78420506062335 1.2149119091845657
150.4692220425523 1.5597544570125066
150.7050603291236 1.4046780346628125
150.58025836822625 1.5577783138727883
150.51593679528733 1.5871936605560628
150.95927377682446 1.4841952381810015
150.88252523332758 1.5941487647113255
150.84558075424405 1.611806725572558
150.82968148025677 1.4779557122805786
150.95200482924503 1.5514277007887431
150.97262052463134 1.6076986893887466
150.9193560345624 1.4884160298188371
150.99896454309146 1.4206415869787925
151.11146008327557 1.4864021527833513
150.34393627593312 1.7499211500909149
150.3635203620284 1.6833499758693855
150.4310598293786 1.6633678071093978
150.75405200361286 1.814943892048336
150.41871271752476 2.006381448018809
150.36447990433666 1.936778789047302
150.62270589516896 1.899098776116934
150.62920590600226 1.0384408950484234
150.73780774412086 1.0755110841943387
150.58721427070017 1.034849062717003
150.78645357127772 1.0086486828456935
151.03158827561052 1.0365828877735166
151.16698478351486 1.0777556996436308
151.02171551012376 1.0814503834422915
151.09498391752686 1.092471616944138
150.53326873576324 1.347833205469989
150.82833024004816 1.2305226407116685
150.85599747083444 1.172783509081132
150.9457837801924 1.2179400291242537
150.9500308360465 1.365298079489124
150.91213352114374 1.2076486877013983
151.22049024372913 1.297189976894704
151.02050447564582 1.1517796237345743
151.147151788406 1.2975894302628772
151.17321409072292 1.129956694656859
151.12714293776187 1.273952560339163
151.1757461655017 1.365903770311458
151.2836736063681 1.2397093070530452
151.25570705118687 1.2347362662986252
150.41827202323816 1.5046190232592929
150.70502153191208 1.5613580315611373
150.69287258246965 1.6163561455514444
150.57412527588752 1.4086290590282264
150.74139447596173 1.5791918058816192
150.66247624923807 1.5643567813629582
150.85888867901096 1.5351247555002292
150.93182026475498 1.463681047567616
150.88871472564415 1.6181636862409714
150.9505064829747 1.457276659662745
151.0994526663037 1.578855140388285
151.0948313466131 1.4431538196116769
151.05013018073805 1.4873940258586713
151.06665507292774 1.431250590398956
151.01966490495258 1.4209128957019428
151.187579356759 1.4739434833860865
151.29459730193784 1.380877628532864
150.34534607192876 1.7906247143447287
150.40974431864618 1.7640434405442642
150.3960105960918 1.792578546508592
150.57143601325987 1.6464623188641396
150.55564326064308 1.6794655635134252
150.73417469502232 1.778103160901649
150.8755445368731 1.7237471099819368
150.75734333583287 1.652922586273731
150.33037695177717 1.9197845996936005
150.3810987231357 1.99643326624378
150.27866373563404 2.0371600902295834
150.4236833211211 1.7091247778256746
149.83218342541937 2.715499456297768
149.90652918634217 1.838499502024828
149.67296730757263 2.2581186975786527
150.54376019971662 2.672109063752814
150.28577798232905 2.661839296563467
149.4994714323204 2.4520503339771316
149.4225617677515 2.8919716178186903
149.73954717360328 1.5526832293448172
149.71720988096746 1.7278554015289973
149.74817099015948 2.038063666303704
149.6818970467901 2.4338243103922865
149.68378893073324 2.5875186727759196
149.60838531274544 2.7379064003645097
149.76903326687795 2.5738138556211925
149.89815771434422 2.564870502173462
149.96639906929607 2.60255984352488
149.81455003034446 2.85720131753096
150.23783567935675 1.5786951624753898
150.0470914603317 1.9070802325574079
150.06829599093788 2.5901693115366453
150.25461010392326 1.794041018771251
150.42536510213623 1.698261964905851
150.4703573310946 1.725512781076691
150.35486055748555 2.561582003147761
150.42353651492232 2.4606218147913443
150.47403060683325 2.4785211302793195
150.74645580990378 1.8898789781659822
150.72218850954306 2.315494151346203
150.52418188163102 2.467685704508895
150.6348927207441 2.3842794386684485
150.7248670657541 2.617016593239232
150.60205925760462 2.6846332250815093
150.6400183238272 2.7224387771745255
150.65538230737144 2.75831296796092
149.5260271956829 2.9616621319654164
149.46432017431158 3.009496564328756
149.52970683161166 3.018897503243477
149.57675146741516 3.060848195150635
149.54547826660965 3.058752081476662
149.48410440047832 3.085240109224344
149.42514701131248 3.098399273674113
149.54070514410418 3.182651770475849
149.49646023408567 3.21196559580666
149.36077007200717 2.891128980557556
149.3546251748126 2.938587693993937
149.31690102043527 2.9538270525482817
149.29983071369313 2.95269115218428
149.3055220708905 2.9909812162132425
149.23767940699705 3.0151113633427533
149.37934121098004 3.0416078691168265
149.2707796863889 3.1348292299221487
149.32080396181073 3.137768176466321
149.3701813298213 3.194472012600569
149.31067375310477 3.212005463617697
149.253881708938 3.202318304618351
149.3604035748833 3.382956213552184
149.39412524359344 3.4555498968729625
149.1302442509787 2.8984122360844693
149.04930402296708 2.899168440048071
149.0474111264931 3.094164548314668
149.22037057625587 3.127570700891789
149.08133640961884 3.140761797744166
