desi_paper_data/fig_7_e.ecsv
# %ECSV 1.0
# ---
# datatype:
# - {name: redshift, datatype: float64}
# - {name: g_r, datatype: float64}
# - {name: no_lae, datatype: bool}
# schema: astropy-2.0
redshift g_r no_lae
[from data line 369]
3.242000102996826 0.5910000000000011 True
2.9971001148223877 0.5869999999999997 True
3.136899948120117 0.8460000000000001 False
3.245300054550171 0.8870000000000005 True
2.816800117492676 0.379999999999999 False
2.4326000213623047 0.29999999999999716 True
2.441200017929077 0.267000000000003 False
2.308799982070923 0.10000000000000142 False
3.3322999477386475 0.9730000000000025 False
3.085900068283081 0.7659999999999982 True
2.91759991645813 0.6159999999999997 True
2.194000005722046 0.3180000000000014 False
2.3159000873565674 0.44399999999999906 False
2.963200092315674 0.6870000000000012 True
3.3234000205993652 0.8510000000000026 False
2.5299999713897705 0.9980000000000011 True
3.537400007247925 0.7650000000000006 True
2.2685000896453857 0.28500000000000014 True
2.4463999271392822 0.11100000000000065 True
3.2797999382019043 0.9830000000000005 False
2.9586000442504883 0.5779999999999994 True
2.175800085067749 0.2190000000000012 False
3.231600046157837 0.7119999999999997 True
3.0069000720977783 0.8659999999999997 True
3.262500047683716 0.7660000000000018 False
2.7637999057769775 0.21999999999999886 True
3.12280011177063 0.7829999999999977 True
2.7569000720977783 0.4859999999999971 False
2.9446001052856445 0.6320000000000014 False
3.1101999282836914 0.7429999999999986 False
2.8001999855041504 0.49099999999999966 True
3.0945000648498535 0.7799999999999976 False
2.9200000762939453 0.48900000000000077 True
3.1098999977111816 0.6900000000000013 True
2.2119998931884766 0.08999999999999986 False
2.8160998821258545 0.49099999999999966 False
2.238800048828125 0.20099999999999696 False
3.4319000244140625 0.8279999999999994 False
3.023099899291992 0.6380000000000017 True
2.3977999687194824 0.23799999999999955 False
3.1124000549316406 0.6660000000000004 False
3.384700059890747 0.7309999999999981 True
3.1489999294281006 0.5339999999999989 True
3.2488999366760254 0.578000000000003 True
3.128499984741211 0.6999999999999993 True
2.738100051879883 0.4239999999999995 False
2.922499895095825 0.6449999999999996 False
2.9398999214172363 0.879999999999999 True
2.9593000411987305 0.43299999999999983 False
2.27620005607605 0.3689999999999998 True
3.0271999835968018 0.48799999999999955 False
2.6698999404907227 0.5169999999999995 False
2.9730000495910645 0.6030000000000015 True
2.8554000854492188 0.42700000000000315 True
2.9939000606536865 0.5079999999999991 True
2.9626998901367188 0.6319999999999979 False
2.931999921798706 0.45200000000000173 False
2.657099962234497 0.21600000000000108 False
3.311500072479248 0.9309999999999974 False
2.484499931335449 0.5730000000000004 True
2.989300012588501 0.8760000000000012 True
3.3155999183654785 0.6810000000000009 False
3.1147000789642334 0.3739999999999988 False
2.489500045776367 0.2190000000000012 False
2.4879000186920166 0.08200000000000074 False
2.4876999855041504 0.6329999999999991 True
2.7846999168395996 0.21899999999999764 False
3.0857999324798584 0.6819999999999986 False
2.7074999809265137 0.27300000000000324 False
3.2620999813079834 0.7140000000000022 False
3.1723999977111816 0.5749999999999993 False
3.368499994277954 0.9029999999999987 True
3.4302000999450684 1.190999999999999 False
2.7523000240325928 0.26099999999999923 False
3.0534000396728516 0.4670000000000023 False
2.9791998863220215 0.44899999999999807 False
2.841399908065796 0.3370000000000033 True
2.7946999073028564 0.19099999999999895 False
2.7530999183654785 0.19500000000000028 False
2.581899881362915 0.05099999999999838 False
2.677299976348877 0.120000000000001 False
3.150700092315674 0.8079999999999998 False
2.3422999382019043 0.1410000000000018 False
3.4077999591827393 0.8580000000000005 False
2.8958001136779785 0.31599999999999895 False
3.0471999645233154 0.6049999999999969 False
2.9065001010894775 0.6789999999999985 True
2.7228000164031982 0.2010000000000005 False
3.0185000896453857 0.6999999999999993 True
3.1338999271392822 0.588000000000001 False
2.394200086593628 0.46000000000000085 False
3.341099977493286 1.0129999999999981 True
2.9268999099731445 0.10699999999999932 False
2.7973999977111816 0.3290000000000006 False
2.96589994430542 0.30400000000000205 False
3.027899980545044 0.38000000000000256 False
3.1019999980926514 0.620000000000001 True
2.9173998832702637 0.21799999999999997 False
2.8078999519348145 0.4009999999999998 False
3.291300058364868 0.8170000000000002 False
3.0422000885009766 0.6429999999999971 False
3.354300022125244 0.40000000000000213 False
3.208899974822998 0.8269999999999982 True
3.094599962234497 0.6149999999999984 False
3.2146999835968018 0.6059999999999981 False
2.9725000858306885 0.2960000000000029 False
2.652600049972534 0.13700000000000045 False
2.913300037384033 0.4209999999999994 False
3.2114999294281006 0.7169999999999987 False
3.3921000957489014 0.6129999999999995 False
3.3052000999450684 0.6559999999999988 False
2.9867000579833984 0.6639999999999979 False
2.9323999881744385 0.22299999999999898 False
3.293100118637085 1.0549999999999997 False
2.6982998847961426 0.17099999999999937 False
2.254499912261963 1.0589999999999975 True
3.143399953842163 0.7509999999999977 False
3.417799949645996 0.6750000000000007 False
2.909600019454956 0.352999999999998 False
2.8115999698638916 0.29100000000000037 False
2.3550000190734863 0.6600000000000001 True
3.0457000732421875 0.25 False
3.041300058364868 0.44799999999999685 False
2.6649999618530273 0.13599999999999923 False
2.3189001083374023 -0.028999999999999915 False
3.0401999950408936 0.6440000000000019 True
3.1113998889923096 0.5150000000000006 False
3.215100049972534 0.7579999999999991 True
3.259999990463257 0.6890000000000001 False
3.473900079727173 1.1739999999999995 True
3.1881000995635986 0.6769999999999996 False
3.0813000202178955 0.37099999999999866 False
3.1463000774383545 0.9589999999999996 True
2.8515000343322754 0.6720000000000006 True
3.222100019454956 1.043999999999997 True
2.446500062942505 0.03300000000000125 False
3.1189000606536865 0.7110000000000021 False
2.838900089263916 0.4299999999999997 False
2.912600040435791 0.3249999999999993 False
3.0697999000549316 0.45300000000000296 False
2.826200008392334 0.2729999999999997 False
3.1168999671936035 1.0010000000000012 True
3.28439998626709 0.7739999999999974 False
2.9493000507354736 0.5370000000000026 False
2.8087000846862793 0.4319999999999986 False
2.8117001056671143 0.3520000000000003 False
3.2827999591827393 0.5829999999999984 False
3.203700065612793 0.41000000000000014 False
3.171600103378296 0.5699999999999967 True
3.06030011177063 0.5790000000000006 False
2.9999001026153564 0.5010000000000012 False
2.9944000244140625 0.472999999999999 True
2.807499885559082 0.38200000000000145 False
3.145400047302246 0.38700000000000045 False
2.8598999977111816 -0.037000000000002586 False
3.2832999229431152 1.0050000000000026 False
3.4821999073028564 1.107999999999997 False
2.4430999755859375 0.14699999999999847 False
3.12280011177063 0.7699999999999996 False
2.956199884414673 0.41600000000000037 False
3.3378000259399414 0.6940000000000026 False
3.4179999828338623 1.1219999999999999 False
2.5000998973846436 0.0730000000000004 False
3.6500000953674316 1.006999999999998 False
3.3798999786376953 1.0399999999999991 True
3.0615999698638916 0.629999999999999 False
2.9916999340057373 0.3490000000000002 False
3.016700029373169 0.6670000000000016 False
3.305500030517578 1.0579999999999998 False
3.342600107192993 1.186 True
3.0099000930786133 0.8319999999999972 False
2.997499942779541 0.36599999999999966 False
3.0778000354766846 0.4559999999999995 False
3.0495998859405518 0.674000000000003 True
3.293100118637085 1.0229999999999997 False
3.3768999576568604 0.9400000000000013 True
3.4354000091552734 0.9350000000000023 False
2.947200059890747 0.2220000000000013 False
3.1482999324798584 0.5489999999999995 False
3.4749999046325684 0.9670000000000023 False
3.4161999225616455 0.8629999999999995 False
3.3297998905181885 1.0650000000000013 False
3.319700002670288 1.096 True
2.603100061416626 0.19900000000000162 False
3.2295000553131104 0.6749999999999972 False
3.1872000694274902 0.6529999999999987 False
3.362499952316284 0.9239999999999995 False
3.2246999740600586 0.7360000000000007 False
3.1749000549316406 0.13899999999999935 False
3.0922999382019043 0.43599999999999994 False
3.2695999145507812 0.4960000000000022 False
2.9530999660491943 0.21999999999999886 False
2.578000068664551 0.1460000000000008 False
2.9523000717163086 0.5750000000000028 False
3.3369998931884766 0.5110000000000028 False
3.3324999809265137 1.0189999999999984 False
3.342600107192993 0.8620000000000019 False
2.759999990463257 0.4569999999999972 False
2.8577001094818115 0.4280000000000008 False
3.376800060272217 0.8210000000000015 False
3.102400064468384 0.8759999999999977 True
3.0954999923706055 0.7120000000000033 True
3.283400058746338 0.4299999999999997 False
3.0123000144958496 0.5889999999999986 False
3.2300000190734863 0.657 False
2.4137001037597656 0.12799999999999656 False
3.2279999256134033 0.5999999999999979 False
3.0427000522613525 0.3780000000000001 False
2.903700113296509 0.3160000000000025 False
2.6494998931884766 0.0990000000000002 False
2.6454999446868896 0.09500000000000242 False
2.572700023651123 0.07400000000000162 False
2.74780011177063 0.26399999999999935 False
3.0132999420166016 0.2729999999999997 False
3.006500005722046 0.24099999999999966 False
2.9586000442504883 0.2729999999999997 False
2.67549991607666 0.18599999999999994 False
3.1073999404907227 0.12099999999999866 False
3.271199941635132 1.1239999999999988 False
3.3036999702453613 0.8889999999999993 False
3.089900016784668 0.5019999999999989 False
2.7500998973846436 0.2190000000000012 False
2.8982999324798584 0.3000000000000007 False
2.7383999824523926 0.2630000000000017 False
3.363300085067749 0.7569999999999979 False
2.504699945449829 0.7260000000000026 False
3.0720999240875244 0.34699999999999775 False
3.047499895095825 0.7319999999999993 True
3.3540000915527344 0.5710000000000015 False
3.0423998832702637 1.0489999999999995 True
3.0587000846862793 0.3940000000000019 False
2.929500102996826 0.8389999999999986 True
2.7493999004364014 0.3309999999999995 False
3.2439000606536865 0.8830000000000027 False
3.0964999198913574 0.7680000000000007 True
3.1029000282287598 0.5269999999999975 False
3.3199000358581543 1.1609999999999978 False
3.0552000999450684 0.7870000000000026 False
2.9198999404907227 0.6709999999999994 True
3.364000082015991 0.6140000000000008 False
3.0750999450683594 0.3780000000000001 False
2.8568999767303467 0.41999999999999815 False
3.0006000995635986 0.6780000000000008 False
2.8638999462127686 0.45500000000000185 False
2.773699998855591 0.4089999999999989 False
3.1521999835968018 0.5070000000000014 False
2.9625000953674316 0.6939999999999991 False
2.89520001411438 0.8399999999999999 True
2.84879994392395 0.49700000000000344 True
2.861299991607666 0.4799999999999969 False
3.149899959564209 0.48300000000000054 False
2.9691998958587646 0.7710000000000008 True
3.3369998931884766 1.1090000000000018 True
2.859999895095825 0.24600000000000222 False
3.001199960708618 0.4440000000000026 False
2.8392999172210693 0.34199999999999875 False
2.944000005722046 0.2259999999999991 False
3.49780011177063 1.1400000000000006 False
2.4372000694274902 0.2989999999999995 True
2.2583000659942627 0.8829999999999991 True
2.384999990463257 0.08299999999999841 False
2.8657000064849854 0.3760000000000012 False
3.0069000720977783 0.972999999999999 True
3.1865999698638916 0.7089999999999996 False
3.2815001010894775 0.879999999999999 False
2.963399887084961 0.39199999999999946 False
2.920599937438965 0.4339999999999975 False
3.2992000579833984 0.718 False
3.037600040435791 0.5199999999999996 True
2.958400011062622 0.4740000000000002 False
2.7699999809265137 0.16100000000000136 False
2.140000104904175 1.1780000000000008 False
3.0297999382019043 0.44200000000000017 False
3.020400047302246 0.578000000000003 False
3.045799970626831 0.5219999999999985 False
2.815999984741211 0.41199999999999903 False
3.0608999729156494 0.6060000000000016 False
2.9335999488830566 0.32299999999999685 False
2.757200002670288 0.3470000000000013 False
3.3217999935150146 0.4980000000000011 False
2.899600028991699 0.38500000000000156 False
2.7897000312805176 0.30600000000000094 False
3.0636000633239746 1.029 False
2.8714001178741455 1.1920000000000002 True
2.3856000900268555 0.0010000000000012221 False
2.8552000522613525 0.34499999999999886 False
3.0927999019622803 0.5289999999999999 False
3.204400062561035 0.8719999999999999 False
3.2558999061584473 0.2530000000000001 False
3.2546000480651855 0.2359999999999971 False
2.6833999156951904 0.3049999999999997 False
2.9514000415802 0.3890000000000029 False
3.078900098800659 0.49799999999999756 False
2.998500108718872 0.3390000000000022 False
3.065700054168701 1.0090000000000003 True
2.5731000900268555 0.0940000000000012 False
3.2388999462127686 0.9439999999999991 False
2.7932000160217285 0.5800000000000018 False
2.993000030517578 0.5820000000000007 False
2.805500030517578 0.23600000000000065 False
3.152600049972534 0.5389999999999979 False
3.1054000854492188 0.6750000000000007 False
2.8078999519348145 0.3910000000000018 False
3.1120998859405518 0.607999999999997 False
3.2488999366760254 0.7669999999999995 False
2.8770999908447266 0.36400000000000077 False
3.0768001079559326 0.5120000000000005 False
3.237600088119507 0.5100000000000016 False
3.0367000102996826 0.5129999999999981 False
3.4082000255584717 1.0579999999999998 True
3.2372000217437744 0.9339999999999975 False
3.2565999031066895 0.9200000000000017 False
3.178999900817871 0.4720000000000013 False
3.3773999214172363 0.6770000000000032 False
3.0311999320983887 0.365000000000002 False
3.3808000087738037 0.5240000000000009 False
2.9439001083374023 0.3099999999999987 False
2.9316999912261963 0.3619999999999983 False
3.3638999462127686 0.9200000000000017 False
2.544300079345703 0.28500000000000014 False
3.1233999729156494 0.708000000000002 True
3.0306999683380127 0.36400000000000077 False
2.890899896621704 0.46000000000000085 False
2.672800064086914 0.23999999999999844 False
3.4393999576568604 0.9690000000000012 True
3.265700101852417 1.027000000000001 False
2.948499917984009 0.4059999999999988 False
3.1821999549865723 0.727999999999998 False
2.7741000652313232 0.9139999999999979 True
2.7490999698638916 0.10699999999999932 False
2.8742001056671143 0.3470000000000013 False
2.947000026702881 0.09100000000000108 False
2.8259999752044678 0.4029999999999987 False
2.9809000492095947 0.7850000000000001 True
2.9802000522613525 0.22299999999999898 False
3.1967999935150146 0.5730000000000004 False
3.4463000297546387 0.9959999999999987 False
2.954200029373169 0.5119999999999969 False
2.8798999786376953 0.32099999999999795 False
3.4893999099731445 1.1679999999999993 False
3.251199960708618 0.6869999999999976 False
3.0404999256134033 0.25 False
3.2190001010894775 0.7059999999999995 False
2.953000068664551 0.40700000000000003 False
3.6312999725341797 1.009999999999998 False
2.948699951171875 0.5139999999999993 False
2.626199960708618 0.19400000000000261 False
2.646899938583374 0.16799999999999926 False
3.103100061416626 0.45700000000000074 False
2.9788999557495117 0.5009999999999977 False
2.8857998847961426 0.15399999999999991 False
3.1742000579833984 0.5060000000000002 False
2.607100009918213 0.1509999999999998 False
2.534600019454956 0.09299999999999997 False
2.7583000659942627 0.34399999999999764 False
2.8387999534606934 0.3520000000000003 False
2.986799955368042 0.38400000000000034 True
3.0032999515533447 0.8449999999999989 True
3.254300117492676 0.593 False
2.3203999996185303 0.019000000000001904 False
2.975800037384033 0.5630000000000024 False
2.6486001014709473 0.3619999999999983 False
3.205199956893921 0.5670000000000002 False
3.0722999572753906 0.18799999999999883 False
2.523099899291992 0.30700000000000216 False
2.745300054550171 0.2710000000000008 True
2.32450008392334 0.07900000000000063 False
2.7272000312805176 0.12199999999999989 False
3.4848999977111816 1.0039999999999978 False
