desi_paper_data/fig_7_a.ecsv
# %ECSV 1.0
# ---
# datatype:
# - {name: g_r, datatype: float64}
# - {name: u_g, datatype: float64}
# - {name: no_lae, datatype: bool}
# schema: astropy-2.0
g_r u_g no_lae
0.013000000000001677 0.3930000000000007 False
0.11899999999999977 0.6589999999999989 False
0.3150000000000013 1.1280000000000001 False
0.0920000000000023 0.5249999999999986 False
0.06700000000000017 0.5589999999999975 False
0.21300000000000097 0.8000000000000007 False
0.14699999999999847 0.7460000000000022 False
0.10900000000000176 0.5719999999999992 False
0.0799999999999983 0.7340000000000018 False
0.04199999999999804 0.6769999999999996 False
0.14699999999999847 0.6530000000000022 False
0.16199999999999903 0.6880000000000024 False
0.18499999999999872 0.7800000000000011 False
0.019000000000001904 0.46199999999999974 False
0.009000000000000341 0.554000000000002 False
0.29199999999999804 1.0530000000000008 False
0.3460000000000001 1.2280000000000015 True
0.5869999999999997 2.6799999999999997 True
0.2699999999999996 1.033999999999999 True
0.20800000000000196 0.8200000000000003 True
0.13899999999999935 0.7010000000000005 True
0.14500000000000313 0.6749999999999972 False
0.44799999999999685 1.404 False
0.04499999999999815 0.7729999999999997 False
0.5739999999999981 1.6140000000000008 False
0.6890000000000001 1.8449999999999989 False
0.9269999999999996 2.3270000000000017 False
0.13200000000000145 0.6679999999999993 False
0.06900000000000261 0.7240000000000002 False
0.5139999999999993 1.7199999999999989 False
0.24900000000000233 0.9450000000000003 False
0.32800000000000296 1.0559999999999974 True
0.1999999999999993 0.8339999999999996 True
0.22199999999999775 0.8509999999999991 True
0.22300000000000253 0.8239999999999981 False
0.28699999999999903 2.2779999999999987 False
0.2660000000000018 1.1149999999999984 True
0.7089999999999996 1.9250000000000007 True
0.22199999999999775 0.8120000000000012 True
0.30100000000000193 0.9919999999999973 True
0.04299999999999926 0.4529999999999994 True
0.14300000000000068 0.875 False
0.2579999999999991 0.9030000000000022 True
0.8309999999999995 2.128 False
0.0990000000000002 0.6690000000000005 False
0.5579999999999998 2.9939999999999998 False
0.25 0.8719999999999999 True
0.7010000000000005 2.0229999999999997 False
0.11599999999999966 0.6419999999999995 True
0.2519999999999989 0.972999999999999 True
0.16300000000000026 0.8359999999999985 False
0.5370000000000026 1.6379999999999981 False
0.44099999999999895 1.3019999999999996 True
0.13500000000000156 0.8049999999999997 False
0.18100000000000094 0.8389999999999986 True
0.2840000000000025 1.001999999999999 True
0.5120000000000005 1.7729999999999997 True
0.6910000000000025 3.6720000000000006 True
0.3609999999999971 1.6820000000000022 False
0.29999999999999716 0.9939999999999998 True
0.267000000000003 0.9359999999999999 False
0.10000000000000142 0.5640000000000001 False
0.3180000000000014 1.0380000000000003 False
0.44399999999999906 1.7520000000000024 False
0.28500000000000014 1.0040000000000013 True
0.11100000000000065 0.7779999999999987 True
0.2190000000000012 0.8120000000000012 False
0.08999999999999986 0.7639999999999993 False
0.20099999999999696 0.7750000000000021 False
0.23799999999999955 0.8719999999999999 False
0.3689999999999998 1.3699999999999974 True
0.5730000000000004 1.6529999999999987 True
0.2190000000000012 0.8580000000000005 False
0.08200000000000074 0.5479999999999983 False
0.6329999999999991 2.1670000000000016 True
0.1410000000000018 0.6950000000000003 False
0.46000000000000085 1.3739999999999988 False
1.0589999999999975 6.115000000000002 True
0.6600000000000001 2.224 True
-0.028999999999999915 0.31700000000000017 False
0.03300000000000125 0.47099999999999653 False
0.14699999999999847 0.6550000000000011 False
0.12799999999999656 0.6210000000000022 False
0.2989999999999995 1.254999999999999 True
0.8829999999999991 2.8939999999999984 True
0.08299999999999841 0.5330000000000013 False
1.1780000000000008 4.248999999999999 False
0.0010000000000012221 0.5779999999999994 False
0.019000000000001904 0.39399999999999835 False
0.07900000000000063 0.5839999999999996 False
0.010999999999999233 0.517000000000003 False
0.18000000000000327 0.8019999999999996 True
0.14199999999999946 0.6389999999999993 False
0.05799999999999983 0.5129999999999981 False
0.0990000000000002 0.5640000000000001 False
0.22100000000000009 0.8469999999999978 True
0.21499999999999986 0.9589999999999996 True
0.3930000000000007 1.1950000000000003 False
1.0790000000000006 2.5470000000000006 True
0.352999999999998 1.1010000000000026 False
-0.036000000000001364 0.4039999999999999 False
0.4079999999999977 1.3250000000000028 False
0.009000000000000341 0.6529999999999987 False
-0.11299999999999955 0.3789999999999978 False
-0.028000000000002245 0.4490000000000016 False
0.05700000000000216 0.5060000000000002 False
-0.0070000000000014495 0.35900000000000176 False
0.045999999999999375 0.4789999999999992 False
0.9810000000000016 -123.98599999999999 False
0.47199999999999775 1.5300000000000011 False
0.23799999999999955 1.0269999999999975 True
0.03900000000000148 1.3230000000000004 False
0.36299999999999955 1.2240000000000002 True
0.05000000000000071 0.5779999999999994 False
-0.04899999999999949 0.6069999999999993 False
0.3019999999999996 1.174000000000003 True
0.01699999999999946 0.43599999999999994 False
0.043000000000002814 0.5179999999999971 False
-0.09700000000000131 0.7890000000000015 False
0.054999999999999716 0.7910000000000004 False
0.04400000000000048 0.48900000000000077 False
-0.019999999999999574 0.6939999999999991 False
