desi_paper_data/fig_14_a.ecsv
# %ECSV 1.0
# ---
# datatype:
# - {name: z_vi, datatype: float64}
# - {name: z_automated, datatype: float64}
# - {name: with_ly-alpha_emission, datatype: bool}
# schema: astropy-2.0
z_vi z_automated with_ly-alpha_emission
2.542099952697754 2.540467007559358 True
3.4842000007629395 3.4863495354126135 True
2.3219499588012695 2.321435437949798 True
2.940000057220459 2.9383696555281267 True
3.243000030517578 3.2421311518226963 True
2.865950107574463 2.8689333387902325 True
2.6875 2.685149647634271 True
2.6638500690460205 2.6633959762475676 True
2.442699909210205 2.440561842813444 True
2.7799999713897705 2.7829503173754624 True
2.9541499614715576 2.953894262152044 True
2.5394999980926514 2.5402608495533947 True
2.789099931716919 2.791963212427523 True
2.6236000061035156 2.6232679223049957 True
2.7904999256134033 2.7895604001950933 True
2.7827999591827393 2.7819804896542486 True
3.1840999126434326 3.1845074482884383 True
2.787899971008301 2.790579275572191 True
3.123300075531006 3.1231237862198333 True
3.086899995803833 3.0861948004549675 True
3.126300096511841 3.124885661058985 True
3.200550079345703 3.201136164029324 True
2.9412500858306885 2.9356300702382425 True
3.0527501106262207 3.052729103521799 True
2.5685501098632812 2.571618400220455 True
2.799149990081787 2.798606162069717 True
2.534950017929077 2.536021434646891 True
2.362449884414673 2.3607870358394165 True
3.071199893951416 3.070996880356631 True
2.8015999794006348 2.805804759931093 True
3.232800006866455 3.230199464961997 True
3.1805999279022217 3.175960065445812 True
2.769700050354004 2.7699816338578733 True
3.0334999561309814 3.028672275646454 True
2.946150064468384 2.9451590299248878 True
3.0957999229431152 3.0976741368432537 True
2.711899995803833 2.7079074356891226 True
2.915750026702881 2.9160720258676336 True
2.970599889755249 2.963272225709753 True
3.0899999141693115 3.0860336798764583 True
2.822200059890747 2.823322357213119 True
2.9148499965667725 2.9138134347740965 True
3.052799940109253 3.0477623258989164 True
2.9784998893737793 2.9773952452875805 True
2.690200090408325 2.688562635871301 True
3.2671000957489014 3.2652963215671096 True
2.8216500282287598 2.817697811153856 True
3.4422500133514404 3.442384957956427 True
2.728800058364868 2.730190683315986 True
2.8629000186920166 2.8658558634615816 True
2.4860498905181885 2.4866950357842006 True
2.4429500102996826 2.4379135008674293 True
2.648699998855591 2.645642773156367 True
3.046600103378296 3.040333709622478 True
2.4707999229431152 2.471238484496492 True
2.5406999588012695 2.5384680058387654 True
2.559999942779541 2.5600711629236677 True
2.4748499393463135 2.4764507392827086 True
2.419250011444092 2.4185699650641803 True
2.8384499549865723 2.8401526735809313 True
3.5286500453948975 3.5269360439110873 True
2.4660000801086426 2.5040260613209857 True
2.746799945831299 2.7502324685875377 True
2.650099992752075 2.6495069949887293 True
2.948050022125244 2.944769836356845 True
2.9775500297546387 2.975772944187047 True
3.055299997329712 3.055115322066522 True
3.2778000831604004 3.278470148928859 True
2.9123499393463135 2.914704084230501 True
2.626800060272217 2.626310379522675 True
3.3139500617980957 3.3124512426642467 True
3.2151501178741455 3.2153932894953376 True
3.1397500038146973 3.1382439292476754 True
3.2933499813079834 3.289788607292365 True
2.6772499084472656 2.67743288961898 True
3.0909500122070312 3.091038051614812 True
2.869649887084961 2.870730034185736 True
2.6600000858306885 2.6591928063159096 True
2.3589000701904297 2.356757431259068 True
3.5010499954223633 3.4992065048431797 True
2.701900005340576 2.697869352035636 True
3.1431500911712646 3.1386775424711963 True
2.7567999362945557 2.7563966333658216 True
2.3654000759124756 2.365112007759008 True
2.6933000087738037 2.710257032654811 True
2.8408000469207764 2.840792045598094 True
2.3730499744415283 2.371597433925275 True
2.875200033187866 2.8768664856073447 True
3.4598500728607178 3.456766375418371 True
3.2922000885009766 3.286738843728765 True
2.485100030899048 2.4817443767609775 True
3.5260000228881836 3.52839741456708 True
2.7539000511169434 2.754923424364223 True
2.899899959564209 2.9013936369080158 True
3.0986499786376953 3.0965961436732234 True
2.9623000621795654 2.9596731832915935 True
3.0881500244140625 3.0897510773159205 True
2.805500030517578 2.8091237006468037 True
3.2844998836517334 3.281159263561089 True
3.1352500915527344 3.1351401175185387 True
3.491849899291992 3.498012037071838 True
2.8617498874664307 2.8632363681018624 True
2.7929000854492188 2.7938541817959344 True
2.5488998889923096 2.5451758553088575 True
2.5164999961853027 2.5138604869140893 True
2.692199945449829 2.6920215772229468 True
3.1775500774383545 3.17901412551937 True
2.9367499351501465 2.9334496531400096 True
2.7100000381469727 2.7085181436450214 True
2.979749917984009 2.980043497490146 True
2.9765501022338867 2.975053138673198 True
2.953850030899048 2.9535436058116504 True
3.12719988822937 3.1264724802690713 True
2.8450000286102295 2.8468084320139244 True
3.1606500148773193 3.1628980818701455 True
2.4857499599456787 2.4858767970810325 True
2.8743999004364014 2.8760533651715106 True
2.728749990463257 2.7284048581758307 True
3.0597500801086426 3.0589400255138783 True
2.9661500453948975 2.9650023923795317 True
3.0071001052856445 3.0049703505695575 True
2.908250093460083 2.909936738263709 True
3.0542500019073486 3.052870231335213 True
2.7649500370025635 2.7689982025962228 True
3.100800037384033 3.098750315951384 True
3.0841500759124756 3.074773209894619 True
2.6175999641418457 2.6141355510924935 True
2.7337000370025635 2.733838761299587 True
2.7697999477386475 2.7657400383772077 True
2.6796000003814697 2.6785394368318336 True
2.6177499294281006 2.617456480513496 True
2.980950117111206 2.9800635064629692 True
3.380199909210205 3.379216958627188 True
3.1322500705718994 3.129676840931965 True
3.093899965286255 3.0967871972671137 True
3.5571000576019287 3.554833773067444 True
3.3064498901367188 3.3080662236354628 True
3.1839001178741455 3.1842151066718034 True
3.0348000526428223 3.0301217103553215 True
3.080349922180176 3.075715039729858 True
3.125 3.1268864023480814 True
3.569999933242798 3.568065832088608 True
2.8264999389648438 2.8248021897605033 True
2.9145500659942627 2.9139193159075116 True
3.289900064468384 3.2920576200423866 True
2.8024001121520996 2.806423677760582 True
2.4921000003814697 2.49135513461638 True
2.6673500537872314 2.6672242327648785 True
2.6631999015808105 2.6781291978377433 True
2.7799999713897705 2.7796017076250052 True
3.3292500972747803 3.330860514960911 True
2.8603999614715576 2.862414623818435 True
2.8911499977111816 2.892386515440062 True
2.542099952697754 2.538238828145571 True
3.025049924850464 3.016645618788517 True
3.1626999378204346 3.1653746156705713 True
3.240000009536743 3.2421234192092587 True
2.68149995803833 2.6773044019120147 True
2.8799500465393066 2.87966497327373 True
2.8460500240325928 2.8443320399273073 True
2.8617000579833984 2.8662753193503603 True
2.935650110244751 2.9323631725604424 True
2.9433000087738037 2.9389331215859507 True
2.7781500816345215 2.7782061266582123 True
2.724900007247925 2.723495957192959 True
3.0251500606536865 3.026859593490413 True
2.5957000255584717 2.592644159398379 True
2.6184499263763428 2.61587131967106 True
2.697700023651123 2.6967136212952947 True
3.2701001167297363 3.2675148320505225 True
3.3104000091552734 3.3122743942206627 True
2.7933499813079834 2.7898821628071477 True
2.9670000076293945 2.965938324938506 True
2.9932000637054443 2.9952880763410463 True
3.200200080871582 3.2002109008158794 True
3.0708999633789062 3.0718413380907004 True
2.8698999881744385 2.8722009809427447 False
2.7495501041412354 2.747887659628951 False
2.365600109100342 2.3669437697581226 True
2.7216999530792236 2.7224179674976696 False
2.953000068664551 2.9527067788924413 True
3.203399896621704 3.202843889325044 True
2.781049966812134 2.781082179531715 True
3.1997499465942383 3.2004092641933592 True
2.5699000358581543 2.570167217479848 True
2.990000009536743 2.9896127143175 True
2.1890499591827393 2.317834586150186 False
2.836199998855591 2.8352775437614044 True
2.722749948501587 2.7231566904149926 True
2.5754499435424805 2.572362792407131 True
3.2779500484466553 3.268697929105998 True
3.1910998821258545 3.19202148279252 True
2.856300115585327 2.856530876940253 False
2.2548000812530518 3.2199728727755064 False
3.0458500385284424 3.050569578668157 True
3.0364999771118164 3.038148773026916 True
2.210249900817871 2.2107223309558077 False
2.867000102996826 2.8673742307013894 True
2.5839500427246094 2.58405822152782 True
2.373150110244751 2.3739344833505944 False
2.748650074005127 2.7407417323682997 True
2.670099973678589 2.6698831771962594 True
2.9830501079559326 2.9835502836552825 False
2.994800090789795 2.9970353022632183 True
2.7696499824523926 2.7714271046310577 True
2.8870999813079834 2.8873813564143496 False
2.8963000774383545 2.8966666686677693 False
2.2379000186920166 2.2375803874490208 False
3.2053000926971436 3.2059258188150785 True
2.2290000915527344 2.2335496725452844 True
2.5754001140594482 2.834083565045319 True
2.9830501079559326 2.9837694011148126 True
2.8040499687194824 2.801530599517707 True
2.8947501182556152 2.8885631689136386 True
2.9600000381469727 2.9599492839781156 False
2.9472999572753906 2.9486228275635455 True
2.6050000190734863 2.4881329659422877 True
2.961250066757202 2.9635652896473546 False
3.031049966812134 3.030103427544361 True
2.8826000690460205 2.8829317195378303 False
2.446000099182129 2.906386890302613 True
2.957900047302246 2.9571641586589172 True
2.7544000148773193 2.7570864478057135 True
2.9031999111175537 2.984187703374114 False
2.863450050354004 2.86308121790244 False
3.1361498832702637 3.135903134298758 False
3.2333500385284424 3.2318741980233785 True
2.880000114440918 2.8796770134944065 False
2.7646000385284424 2.7543212079821817 False
2.986299991607666 2.986925845436183 True
2.9790499210357666 2.9797090525768173 True
2.9344000816345215 2.934938776706326 True
2.959700107574463 2.9598076359838164 True
2.9805500507354736 2.9815391828875706 True
2.7887001037597656 2.787460993861144 False
2.7280499935150146 2.730775323850302 True
2.646399974822998 2.642638492544346 True
3.033900022506714 3.028349023755229 True
3.0647499561309814 3.0623092657091555 True
2.936199903488159 2.937768922083545 True
2.960700035095215 2.9597655948942068 True
3.0385000705718994 3.040349559873692 True
2.476599931716919 2.752267560278955 True
3.0269999504089355 3.039754305403921 True
3.111599922180176 3.110937552523992 True
2.676949977874756 2.67796978052349 True
3.0035998821258545 3.0276221418935423 False
2.8510000705718994 2.8512002920372352 False
2.200000047683716 2.330293443748365 True
3.5829999446868896 3.4430798586943223 True
3.0028998851776123 3.0018356312932717 True
2.9714999198913574 2.9689519063017555 True
2.7323999404907227 2.7326443988424827 True
2.5659000873565674 2.5666586708314942 True
2.4147000312805176 2.410888218838166 True
2.3970999717712402 2.3959051016154373 True
3.2850000858306885 3.296282624733976 True
2.807800054550171 2.7953437336899776 True
2.8073999881744385 2.9030060718348474 False
2.2544000148773193 2.2529728112369516 True
2.7464001178741455 2.7455467820915107 True
2.2448999881744385 2.3589814896274994 False
2.2541000843048096 2.254469740816695 False
2.9721999168395996 2.984046190115484 True
2.9567999839782715 2.93890695490894 False
3.0381999015808105 3.0987683862725124 False
3.2629001140594482 3.262520365494928 False
2.7262001037597656 2.726463714569632 False
2.4646999835968018 2.2199073703858256 False
2.947000026702881 2.9470855855698033 False
2.688699960708618 2.687326195834689 True
2.1605000495910645 2.1609396638129885 True
3.0153000354766846 3.002451872874389 True
2.7690000534057617 2.829454044074977 True
2.7692999839782715 2.7695582209299503 False
2.9816999435424805 2.9820043617491696 False
2.3073999881744385 2.3097820255520376 True
2.990999937057495 2.9003067835315615 False
2.3733999729156494 2.448818048175682 False
2.9558000564575195 2.953775487474785 True
2.782900094985962 2.7804121884230755 True
2.8183999061584473 2.8164400872037842 False
2.4577999114990234 3.2709058955990744 False
3.042799949645996 3.0384896354681445 False
2.853300094604492 2.854003367118089 True
2.5336999893188477 3.183465443730452 False
2.3427000045776367 2.4559713285839617 False
2.7743000984191895 2.77394795516331 True
2.8475000858306885 2.9140324736695247 False
2.535599946975708 2.683832749216033 False
2.9447999000549316 2.945297673374676 True
2.9504001140594482 2.982265103027409 False
2.408600091934204 2.390718317900213 True
2.163800001144409 2.1637203222900343 False
3.1452999114990234 3.145248976536023 False
3.0148000717163086 3.014370992941793 False
2.328399896621704 3.1282342405195402 True
2.279900074005127 2.4415805194025015 False
3.126199960708618 3.1296296425892645 True
2.7311999797821045 2.2558985863260954 False
2.389899969100952 2.9582332509590876 True
2.785399913787842 2.92178582374109 False
2.8148000240325928 2.885027256953949 True
2.192500114440918 2.2062043729340424 False
2.6542999744415283 2.5027971475391197 True
3.1382999420166016 3.1386491223136748 False
2.928999900817871 2.9287990464187 True
2.2518999576568604 2.2524631722212956 False
2.6747000217437744 2.768844350960378 True
2.8684000968933105 2.7691219968696705 False
2.5099000930786133 2.5080750546793777 False
2.8687000274658203 2.962163576343033 True
2.776599884033203 2.7772056156782616 True
3.054500102996826 3.1120090123139854 False
2.7697999477386475 2.871031721759761 True
3.0648000240325928 3.0640974792716826 True
2.9491000175476074 2.9491811992617714 False
3.4219000339508057 3.4233444870282024 True
2.219899892807007 2.278122108637828 False
3.1786000728607178 3.2085786393957374 True
2.9907000064849854 2.992047036828956 True
2.871000051498413 2.9646579302236757 True
3.5796000957489014 3.510720745793901 True
3.167799949645996 3.168517580832991 False
2.7227001190185547 2.7225692739626033 True
2.825900077819824 2.826258066588329 True
2.3564999103546143 2.3042638089525473 True
2.567199945449829 2.66150887994262 False
2.359999895095825 2.4096438601754744 False
3.066499948501587 3.0706548558643387 True
2.552500009536743 2.5518562176552786 True
2.3968000411987305 2.790222026267273 False
2.149899959564209 2.14959165042658 False
2.4363999366760254 3.0394426055477823 False
3.1050000190734863 3.0999875762274467 False
3.2418999671936035 3.381443677737289 False
2.8557000160217285 2.858111075453447 True
3.1129000186920166 3.085271010405023 True
3.045599937438965 3.0451438546096066 False
2.7035000324249268 2.938175622252949 False
2.772200107574463 2.772802554141358 True
3.368299961090088 3.3678958057392947 False
3.242000102996826 3.2422860301074166 False
2.9971001148223877 2.9899681921228685 False
3.136899948120117 3.1443134540536435 True
3.245300054550171 3.2459748897624157 False
2.816800117492676 2.81629272469515 True
2.4326000213623047 2.432497842663524 False
2.441200017929077 2.468150795356174 True
2.308799982070923 2.3100744349823183 True
3.3322999477386475 3.334760146428351 True
3.085900068283081 3.0856618135204084 False
2.91759991645813 2.778189018320885 False
2.194000005722046 2.355405971668296 True
2.3159000873565674 2.6937810383271064 True
2.963200092315674 2.9643738325270887 False
3.3234000205993652 3.325069238888565 True
2.5299999713897705 2.6904780607131076 False
3.537400007247925 3.4646031701638655 False
2.2685000896453857 2.2685626112444366 False
3.2797999382019043 3.2816542974651246 True
2.9586000442504883 2.956322106298842 False
2.175800085067749 2.277846036727555 True
3.231600046157837 3.2342534832517824 False
3.0069000720977783 3.0331711177679788 False
3.262500047683716 3.2625309510504596 True
2.7637999057769775 2.7639633673225292 False
3.12280011177063 3.122420946175984 False
2.7569000720977783 2.756388574884738 True
2.9446001052856445 2.944953826829997 True
3.1101999282836914 3.1103993359483946 True
2.8001999855041504 2.8003903925330187 False
3.0945000648498535 3.094145534773111 True
2.9200000762939453 2.9974133841369004 False
3.1098999977111816 3.1879287657910496 False
2.2119998931884766 2.2118180898414663 True
2.8160998821258545 2.7901330135338447 True
2.238800048828125 2.344297547109311 True
