desi_paper_data/fig_26_a_lbg_xmm.ecsv
# %ECSV 1.0
# ---
# datatype:
# - {name: ra, datatype: float64}
# - {name: dec, datatype: float64}
# schema: astropy-2.0
ra dec
[from data line 863]
37.19886442382607 -4.88715183731255
37.28240409092844 -4.864959181605818
37.170879069491 -4.852763602430775
37.18171853955549 -4.8517758977909775
37.1560298495812 -4.841383626115536
37.12448615722239 -4.832288224471187
37.106659015828 -4.781849237849493
37.183660704826025 -4.806431899740123
37.26290759774155 -4.724576107015745
37.107616202416615 -4.709306977838852
37.27248392995011 -4.696624766078184
37.13537065988449 -4.654374886637076
37.16469396845088 -4.649457587358595
37.11925472090929 -4.542473191312586
37.13226184296828 -4.503462924200536
37.22545130551242 -4.457825003330059
37.17199753934656 -4.45216030505338
37.20563330306024 -4.402076538484966
37.0984587813356 -4.417766069487486
37.15310599880089 -4.419564400952815
37.18596665056732 -4.367385489248918
37.14107979908806 -4.3934510043377735
36.95945664442806 -5.175213436369084
37.02427846506617 -5.107021917445677
36.91712902213308 -5.074663028561985
37.03705640627622 -5.044570789858772
36.949042370310266 -4.985676278027332
36.99597418167991 -4.991223155466505
37.0896307179972 -4.954221580973959
36.91184793478541 -4.914183141237532
36.936841773162094 -4.89832798986042
37.0380950213841 -4.816887582284903
36.9920928399394 -4.78820348737827
36.9382882438059 -4.795727610579043
36.99421436097577 -4.799854466043762
36.96517200436047 -4.756878026445476
36.926891244846914 -4.760372688282403
37.00204565064217 -4.76898666421838
36.946319654026645 -4.768908509233194
37.03202573142468 -4.771490755673316
36.98270589834204 -4.6702183595240125
36.95187767883277 -4.666072084363872
36.93530848805582 -4.6586928531480725
36.94921242917884 -4.6322390538860665
37.002447470062 -4.600593299859788
36.96380788908552 -4.55423484145124
37.03988390093204 -4.588939442884928
36.92159163813056 -4.5286820333425
36.953735071064365 -4.525763066172033
37.087246342703686 -4.514475459640925
37.05883516907165 -4.494624527273142
36.941532022952494 -4.449615784284659
37.03194881157907 -4.438339086325456
37.03094396863956 -4.38547983645093
36.92239518410328 -4.388267914131778
37.027205771226 -4.398009065550536
36.84410156279605 -5.206178507163978
36.821547883576976 -5.150999913874049
36.80156927377282 -5.131110003070723
36.87284560722949 -5.120492394567536
36.87562233369124 -5.106994110410338
36.74199885140216 -5.101950452260593
36.90855108779156 -5.098606601661912
36.7601853572586 -5.016883513174326
36.80228357033681 -5.013803310674683
36.87366536172849 -5.009707552611284
36.88228240553669 -5.009734859666233
36.82760958798298 -4.9594753676893575
36.74383664773347 -4.919952113046255
36.72967383599316 -4.882657430162884
36.83296414986063 -4.848989094951509
36.89088068925152 -4.816352136719423
36.806223509566 -4.786910691359276
36.86301219978997 -4.80645371108425
36.79439186850262 -4.810616774133532
36.80857200919649 -4.743266367407148
36.88420028846902 -4.764103992879498
36.84723816571548 -4.772705999697244
36.81938921453816 -4.70355050593988
36.84030675545515 -4.664973134620976
36.858094174159504 -4.570771976012152
36.865005534499495 -4.598098805101917
36.8114547667113 -4.604660852400003
36.81974649172964 -4.50316727168011
36.76597193972451 -4.423349064642929
36.86115604751758 -4.377162105360908
36.88339464685054 -4.386885072500972
36.832145916639206 -4.401521401478581
36.8535464079241 -4.404317265734294
36.54998575176335 -5.423188738397557
36.54305391028342 -5.324668023850364
36.55505738733381 -5.266225239647289
36.54651347083671 -5.225503148701243
36.68693147547038 -5.131561517759402
36.60483312650006 -5.158027053450035
36.69329989176924 -5.168688489565476
36.66211746830309 -5.111753497769972
36.609362729668526 -4.980895545587568
36.616655423072025 -4.981366763369126
36.64880305637367 -4.936644103604138
36.563396013924645 -4.938599135727857
36.57055631234136 -4.897456198722893
36.64996644471217 -4.829987058339823
36.66024853244162 -4.824407918587548
36.679632127054425 -4.819930891615613
36.583028303796645 -4.813892811168529
36.54861009375686 -4.788617021405407
36.60102399608723 -4.747665387407275
36.66750875473229 -4.764867534516547
36.69646798899932 -4.734590849591785
36.64857682131789 -4.69785771423404
36.585218125176624 -4.658484880798447
36.62936246563349 -4.615587330203302
36.68946163686049 -4.602670702293486
36.678221157141614 -4.5155891131275085
36.706445188704514 -4.502751895325641
36.70456235759874 -4.471092494314156
36.567425126531326 -4.41636310587514
36.3588397535312 -5.689590023850477
36.35760977062337 -5.60148568016594
36.34936968548694 -5.215487024698155
36.35612094815428 -5.030558664929236
36.35749154678757 -5.016351703210178
36.46136714870374 -4.539567811485065
36.45569704368961 -4.370600678287692
36.52590326648711 -4.398477409981163
36.36787543614498 -4.394327670039557
35.0231175891055 -4.343622946388017
34.943691735022284 -4.255231217655592
34.87732626086095 -4.242215609201938
34.95003873137384 -4.133667109085418
34.99020176341821 -4.092065283560507
35.0309937112496 -4.086030917984269
35.031455810107815 -4.04208918335643
34.94370794585068 -4.054267972533109
34.87912517626005 -3.988224192541156
34.878892839731016 -3.975735412777891
34.954870138467506 -3.974200286216437
34.9788121046149 -3.961769292864663
34.9124862788383 -3.9486982562578494
34.93130944516693 -3.929441847163964
34.931986953264484 -3.9118987973802346
34.938169606238354 -3.8437928377087567
34.952066468609296 -3.855912479347911
34.88133679317103 -3.906203683059245
35.01669844658226 -3.774272401826467
34.75698584133407 -4.350536751243819
34.729281747655484 -4.34904407784662
34.762535736025434 -4.324408599144154
34.75702198684549 -4.315960622513297
34.81858746470019 -4.3098758681061184
34.759064660131216 -4.302086648251993
34.80645258052816 -4.272471550019134
34.703685486975225 -4.24646353907244
34.73471089087257 -4.21531393301303
34.77227989166088 -4.218553556779388
34.77870499813965 -4.186089477714631
34.70662975000728 -4.13365071967788
34.72061832522795 -4.125028753253501
34.85692603288265 -3.962139655057643
34.5301737542954 -4.337070718595375
34.575294402095615 -4.267110348098534
34.62170072862807 -4.259462980885881
34.55800713693135 -4.24505742906678
34.57433011471431 -4.242851254574649
34.632429403229615 -4.218507550915688
34.67059531834791 -4.216214612062056
34.541987325763046 -4.222012505037447
34.605205614213375 -4.19163720440238
34.64706896120596 -4.162337058875678
34.67223059472067 -4.1402049475699565
34.6521847494427 -4.13380273360993
34.3488988841375 -4.368014726946342
34.339254583706214 -4.324842032102554
34.386822675378326 -4.31297089957546
34.403723279875464 -4.307518898990475
34.464521497123094 -4.269602756175143
34.3866034793605 -4.267662409068534
34.329080853936205 -4.247751361935885
34.32738331006949 -4.217632066916663
34.426302434146805 -4.221393775855768
34.33861982439665 -4.231093072038191
34.331474620373534 -4.232850659005356
34.45902821142463 -4.177732052631907
34.44228074551136 -4.170332660022607
34.48850908353832 -4.165062420634524
34.31361209177665 -4.152663349287697
34.397254284001185 -4.143464909056461
34.4666054033001 -4.133895325256318
34.45187716045241 -4.118564657476561
34.46695292165717 -4.117638542004397
34.48932692031381 -4.110129413431917
34.20271104199212 -4.3496724929711466
34.1465295971001 -4.32198697557898
34.1981440035814 -4.222510241011007
34.188080754625304 -4.227098783163843
34.25619060577361 -4.1864469037485135
34.24220588765828 -4.198222536224677
34.29147669127204 -4.159921257906615
36.46586416786839 -4.502378189222593
36.40029330570166 -4.481060559595457
36.49265762275984 -4.383838534408941
36.41342924457428 -4.348913703535802
36.4547840606326 -4.306776772283823
36.42832839129704 -4.294347792550569
36.44566011873539 -4.29584849952659
36.53532587170688 -4.292971312166197
36.38429729885748 -4.280221433399953
36.36028218397146 -4.273936272832188
36.49710311140751 -4.272651028763479
36.494945267664725 -4.206546977452828
36.41818954542956 -4.220040708249422
36.51536930963757 -4.181983824262133
36.35298424811779 -4.155964112813931
36.41763392639385 -4.154499893423108
36.44540556552516 -4.14324115372542
36.5217122517694 -4.142487285227769
36.48002528396409 -4.053441681283037
36.514315964359824 -3.997296263683503
36.48543788676068 -3.984250175265156
36.53134836030908 -3.972524288204722
36.43210267773924 -3.961404549837508
36.25116577388246 -4.284078668830047
36.32518033983306 -4.245179362187952
36.202401870495336 -4.205840393408109
36.3445648546172 -4.185016236688862
36.350361023587055 -4.100717921340404
36.23887509382267 -4.101076832982336
36.312982644914925 -4.042581521835467
36.34016678739155 -4.045397555030058
36.28184354867644 -3.7876424905126296
36.21132033515334 -3.719959038766213
36.10786882639906 -4.359054469879071
36.10865282929733 -4.356467106165407
36.12604733606105 -4.340447826846368
36.154135511256186 -4.30265474083148
36.09295867329178 -4.292688699187447
36.11745433851248 -4.256546817032909
36.119823066935375 -4.188437582638472
36.10681914617912 -4.198436908464419
35.9962701031378 -4.217393513276969
36.0143438932541 -4.236279636941184
36.15573680609293 -4.165901646203191
36.15064672541596 -4.15253970241105
36.16816065119821 -4.128478407801327
35.98603303040183 -4.12092568038236
36.1056935502951 -4.0821529598093935
36.00959612405406 -4.073579428022614
36.0697867062625 -4.054624441495201
35.98412356170922 -4.00623029010064
36.160702348399646 -4.064381068565014
36.01730657498965 -4.004160268475971
36.007329031020376 -4.002161303832914
36.04797495423851 -4.02042683025778
36.00553939662186 -4.039876789160308
36.049207440138886 -3.9920642056628175
36.13585918691403 -3.978235008739477
36.143376021503634 -3.960352250246924
36.025899028232985 -3.8672260055404513
36.077519268397566 -3.853352454228952
35.990978140822456 -3.8045146698125016
36.09734858917905 -3.798247211210701
36.09008275514333 -3.7843470515746778
36.04121152998511 -3.7254855878612494
36.12147372886597 -3.695239414440071
36.04954567593147 -3.677333568480928
36.0147476279094 -3.687396314013417
36.010598738577926 -3.605361938487541
36.12830153082641 -3.602831744322965
36.1509093653599 -3.602099827590527
36.06701419270309 -3.6000355988463184
35.988482055142576 -3.599154355591875
36.10820730323396 -3.603154925480895
36.025361379689805 -3.553551231331113
36.13535432404522 -3.549826571239542
36.02206431288109 -3.521528120584334
36.025061243309814 -3.4981582530352955
36.03034836962477 -3.4564607445792435
35.88453563465789 -4.333419537544408
35.96499727171192 -4.300435080569524
35.933629894017315 -4.267139524116853
35.8102379828405 -4.202309419616871
35.797977865594326 -4.110370817558997
35.96621651287069 -4.097591066817141
35.808900175191994 -4.094933479481932
35.84651919534675 -3.98376563849326
35.93873992088346 -3.883346063910965
35.80301295875107 -3.877726580945109
35.86863681344806 -3.81660103134556
35.852387583711774 -3.8079983580113934
35.80359062569944 -3.798148858391499
35.92141213307142 -3.786089507564941
35.955000094857574 -3.7599570033950087
35.86166599496914 -3.747962713318847
35.80052844535954 -3.6996284070219776
35.8067176435034 -3.677825823356673
35.94561577787108 -3.6753879149267688
35.87473599975735 -3.660634350291428
35.94308520504024 -3.663364842639704
35.96075015024895 -3.663749693171413
35.80440430051292 -3.607158421534344
35.89361818220632 -3.593215967375531
35.87354362299562 -3.5830294290559865
35.882696800013974 -3.5775717166922667
35.9265653471568 -3.575487255829516
35.96780360114086 -3.5597461714517658
35.893004360007424 -3.538384320442892
35.89048632291487 -3.485714107784765
35.8580394093384 -3.489455946610848
35.97951102404436 -3.4680790647523683
35.7114095188618 -4.362353047700481
35.730065364270914 -4.309494322474091
35.63334711145003 -4.2897923376005735
35.78961393458963 -4.269868230310688
35.7098090127513 -4.202359329835247
35.74181014329096 -4.174288657935715
35.665252076281426 -4.105137884164695
35.644705607457816 -4.078072303959711
35.636549311298566 -3.988774461129286
35.744135909508145 -3.877226712089344
35.768834949581745 -3.818078092325585
35.72444738970803 -3.835949742496336
35.75870651293943 -3.7288087313879656
35.66518027041368 -3.7229175603460094
35.6774960618234 -3.7182702536505614
35.614695909813776 -3.6707640336500313
35.688598216219084 -3.676528723620938
35.78592001304195 -3.630628623558989
35.629118100128395 -3.646205981850572
35.75663228542171 -3.655559184190507
35.75995464093344 -3.658743078632327
35.77204139814052 -3.659702151424677
35.702896263783806 -3.611035184805936
35.64604249875636 -3.597681566107004
35.671067396334 -3.575964470076864
35.769941042148375 -3.565750627222906
35.64439837793525 -3.522967079166732
35.642478670639484 -3.4903849682640664
35.7815500759551 -3.499377372284775
35.661431562233915 -3.5107891652352103
35.62200693719536 -3.511884578853437
35.69210883333894 -3.4422801874750486
35.74244520451708 -3.457344805063414
35.76567297727327 -3.4743449354939555
35.722197314918375 -3.4305651307356846
35.783653478989024 -3.4299517506661217
35.73717989882557 -3.420663859253595
35.61240311441487 -3.410381204558492
35.7694806717879 -3.408631688466207
35.71055703006844 -3.406020164512878
35.66964914063387 -3.386480327169285
35.643999535986204 -3.382208880787737
35.630541205751655 -3.3741900972818604
35.76342404525306 -3.367474669266278
35.660388242310695 -3.341280121582211
35.749754742516366 -3.352544001506049
35.69022241022726 -3.3582015437483785
35.54995077399309 -4.299248915727832
35.57941040412969 -4.275689589837477
35.56903065097264 -4.271818251329208
35.47567403638277 -4.194611827600245
35.5899344171819 -4.227300067669455
35.45872416170464 -4.238363265576406
35.499031634170485 -4.246997357192859
35.55044157424699 -4.236789414256128
35.48689428759768 -4.176611074927815
35.4626236744984 -4.120985520761557
35.44560918275178 -4.1014923328074655
35.44551707229398 -4.0803482452450615
35.42775222372859 -4.004512504767557
35.4273525874174 -4.025395702376776
35.56501512400952 -3.9371450669650248
35.48972725349865 -3.889799994349407
35.59286735258009 -3.86599938874289
35.531024248650525 -3.868472996990172
35.43248606836886 -3.8744348285648735
35.5493095652838 -3.843043144355529
35.58059086348796 -3.797536116860963
35.53349185555473 -3.780510442104454
35.53649332875802 -3.7643456662142047
35.57667368567217 -3.619246592527202
35.54966176755819 -3.568931651421475
35.50786943743024 -3.52349497703466
35.55543596137857 -3.501891958810998
35.585948418346774 -3.5049474144208226
35.546024641656416 -3.507405235878476
35.557505238644865 -3.44795475173943
35.4629716066102 -3.462212358344682
35.53138184215228 -3.4625035800600164
35.606502525112774 -3.4351204984214982
35.44069102082824 -3.422345126685066
35.43545241790881 -3.4101195114380043
35.42797491138812 -3.381557771178315
35.48478807148198 -3.3682185157094406
35.462720004113905 -3.36666254884712
35.58509043415052 -3.32823156819263
35.55038804607979 -3.329712320384228
35.48876413712714 -3.342417465104844
35.35320331901705 -4.361331521788824
35.39435791050829 -4.25699096637004
35.24731312726968 -4.248803459056443
35.30914588925617 -4.239656098759827
35.29841004932919 -4.194566562070363
35.40197770326124 -4.200346940401641
35.358409441225895 -4.180138261542172
35.31990355606496 -4.160491124645992
35.4077023921581 -4.15722825585086
35.341478859640574 -4.13762893835255
35.30007176104547 -4.100173209598814
35.3915932943069 -4.0303011365659565
35.41922054698549 -4.036690036570332
35.33918154127188 -3.994767457259647
35.30358523722934 -3.991329941170371
35.276098128543296 -3.9552503289319816
35.39761961476177 -3.9465235307170223
35.40129246710717 -3.926025291654247
35.2897593769436 -3.902492205969178
35.35117621872172 -3.863888448523885
35.30802348690936 -3.877510344178999
35.337990143125886 -3.849926985410928
35.319497444797854 -3.852039194956744
35.331087691780226 -3.793128149071166
35.3922822528354 -3.750037546517774
35.365756156293024 -3.745408303777908
35.30439592055115 -3.736736512682005
35.30086287407173 -3.7173808751046167
35.366249241888006 -3.714894643567386
35.42067199614549 -3.664417650781232
35.25973014781113 -3.6943615032878014
