desi_paper_data/fig_26_b_lbg_cosmos.ecsv
# %ECSV 1.0
# ---
# datatype:
# - {name: ra, datatype: float64}
# - {name: dec, datatype: float64}
# schema: astropy-2.0
ra dec
[from data line 1723]
149.17906481490746 3.1930714005873786
149.10466208251768 3.2577414670382825
149.0597153529028 3.292957693639486
149.1349070037103 3.348619055413389
149.01040335119413 3.14390966696754
148.9974371811326 3.211343283802885
148.93807186608356 3.206676795004297
149.01470006349783 3.336125722584612
150.90414051618515 2.936501133254559
150.94541518630487 3.015318351880257
151.08002841150716 3.03455247398622
150.94165169310318 3.032495269550502
150.9833230009767 3.095148883088976
150.94172873109744 3.179593262193459
150.93513874511385 3.2221989853085526
150.9136876369001 3.487669876415455
150.75042751184964 2.9410258621692016
150.73442610515323 2.9661666618750884
150.8637315474939 3.014280712392911
150.78719059834256 3.0891824338808687
150.74716770657918 3.1036232065239973
150.74340394824475 3.197486329340825
150.75156465608217 3.2767566688529115
150.87763839183032 3.3007497469279907
150.85599463615029 3.325657086805309
150.79879870321167 3.3578823078446085
150.89769513506346 3.400132387610768
150.73970423133375 3.3954284107941017
150.80768968853914 3.394261475001194
150.7904906920147 3.425553711324123
150.82632029762766 3.448094978408542
150.8905141928777 3.473936718286922
150.72796262255596 3.491203089734972
150.60701449295135 2.9249366225375004
150.56922379069292 2.933733198954134
150.64502863196503 3.009976493510697
150.67353282353824 3.016945099449952
150.6674762896966 3.106213060272028
150.53278123258386 3.1099604250351147
150.53501856641518 3.130227577585932
150.68536156775818 3.1381342569818864
150.70418950783554 3.1404752908149804
150.57866978658822 3.209546858393532
150.69064178086504 3.248508105585723
150.54680947197593 3.262388312229035
150.58521756065772 3.2989296566133945
150.6750462261159 3.369057412722993
150.6547796066438 3.3774674758473906
150.58687578005993 3.460146693990341
150.44665199213335 2.966810249113167
150.44281269576626 2.9772134927954417
150.41114773898798 3.011122529207644
150.4885817478523 3.022305390297981
150.52209549897125 3.072498903736793
150.40525856984766 3.126986717997612
150.48889201684852 3.138700405589425
150.46094805987298 3.139919854898802
150.35921968195143 3.152963549767823
150.38800170456037 3.172098367379574
150.4923820595255 3.247734410745453
150.46346218127687 3.233767475530556
150.42974011676176 3.232338031521905
150.4529469717202 3.3348113439331315
150.447057874979 3.4122074672499085
150.48524262579394 3.4381907797496165
150.4000820289707 3.466252560206081
150.50770576792786 3.495571542431916
150.32566662840767 2.947950602697904
150.26570721107393 2.9536198178205884
150.33953899380694 2.972777674632828
150.16634134378276 2.97354885238152
150.25059323494656 3.010850836027345
150.28735930295178 3.032019708887515
150.1591208979545 3.0735144801121144
150.26325660342093 3.076069029155766
150.31016343628747 3.0964922658707468
150.19346248177064 3.1535699691025227
150.23878431764675 3.1541325708321244
150.18363828629433 3.18454983716594
150.21442214304892 3.2822193814333445
150.26684188402712 3.2827958460009112
150.33631288721077 3.3236583628162744
150.3048541211558 3.349573983752004
150.1068917147293 3.059337137766248
150.14602006183006 3.0463490742171446
150.0744995139765 3.0403452984950814
150.02522297845388 3.071317983101728
150.01590557847183 3.083726879360986
150.1476224935149 3.098497067770044
150.07070321033785 3.194423885395972
149.99110873340388 3.2391512299396057
150.015063210938 3.2850699441435
150.00767090245353 3.293053380497361
149.92821193575134 2.8888517123243984
149.9484608682276 2.96831564789713
149.94140438161378 3.0669308574025043
149.83471171962412 3.094004292405843
149.88494971179873 3.1028107873746595
149.823603231968 3.1376992289093963
149.87290348218144 3.143840780950437
149.92264395315578 3.157654521390306
149.8335979313249 3.182425175669436
149.80488567370247 3.186698002694396
149.8964423880879 3.243845860041958
149.78205278512732 3.231832935021817
149.80333900069462 3.267656660210112
149.67825146904522 2.9084192970700884
149.63273020852833 2.9212889686780894
149.7042028414091 2.9280707048991177
149.67119452761233 2.958338202956695
149.61951323327358 2.9803750561329285
149.64573530229694 2.999328695373374
149.63024706490435 3.0013596366803994
149.77506109995255 3.0956207819874377
149.7444652750216 3.1036109747590213
149.69525658508073 3.1075200727976995
149.59764521380555 3.1175150149400723
149.72236043822568 3.151324659176307
149.76352564154578 3.1775161215775083
149.65179252942872 3.221549571214789
149.68375784289637 3.27517590745366
149.72621845992933 3.3311942731562856
149.76767490586025 3.385091355049752
149.68339209953442 3.450971559684191
149.6935679179693 3.47087218378666
149.4967343379669 3.0055541323565254
149.58825190893833 3.042170167154552
149.5592357310734 3.38827241541545
151.23509206346156 2.928275602742361
151.25634902025496 3.0097929150086866
151.23039929791273 3.013831644459911
151.19693560606993 3.040052789205047
151.22672564361932 3.082458644129872
151.13133716963108 3.11476087950638
151.2112885687068 3.1323962109088934
151.19867367508505 3.246188995977448
148.970434396932 1.3158949288497344
148.9176009959652 1.3322597564338814
148.92733450681555 1.3824593313956728
150.3445153696949 1.040435675715267
150.3087002420582 1.145506498271058
150.2960943535065 1.2082047491067047
150.40685358099978 1.2222413110837065
150.39527861294434 1.2473081041631269
150.36438602175838 1.2544706014320894
150.41044130510917 1.2591980166960783
150.28527296536868 1.2595941661064995
150.3250879898193 1.2761042783826224
150.38351563886036 1.2837103379227344
150.31373607081073 1.308726080098208
150.4530417293867 1.369115153778952
150.34350122874915 1.3876262345593142
150.39279865910288 1.4076936405473224
150.3755403756573 1.449917123249392
150.2804384093567 1.5133596726746703
150.26285642247453 1.07648175364907
150.2091215918871 1.1185197626048111
150.25252981683627 1.1278225434607383
150.27408746473267 1.2098119860502845
150.22449115425488 1.2065859293207462
150.18960021452062 1.1710236259838602
150.27586969126432 1.1568624740532285
150.1535871688034 1.372156661074288
150.15069575616545 1.3648086291283483
150.11476898158332 1.4424014765201147
149.96389631544272 1.1010345484645112
149.98069124532685 1.207338534399149
149.95903010394304 1.1976020695957452
150.06472145121725 1.2852110454343837
149.94980007558007 1.3266981757658036
150.06211144267567 1.3267386201615972
149.91328466728257 1.335210644703512
149.96135903231115 1.3625066349450712
149.9879883339756 1.385065746740525
149.99760112551314 1.4601630148282507
149.80543759806383 1.0040252405546075
149.79656757005677 0.975907344190758
149.85614574383138 1.069424088900294
149.84254078982815 1.083292893269996
149.87859339885594 1.107702674424128
149.74780896987306 1.122171850112012
149.89348690672497 1.1241983275511018
149.90322794346622 1.182928932419144
149.7586901902453 1.162722689788471
149.7890588276374 1.2387021786547951
149.8026936363943 1.2558610711828628
149.7887195122322 1.2612551208251466
149.8596128858602 1.3205802536219198
149.76134181388173 1.362522498455063
149.87729225564362 1.4250375484183646
149.89245136644018 1.4450918706018068
149.7945196860907 1.4587788131185315
149.71508937068165 0.982371713635022
149.57606478551284 1.0476789541851308
149.70037985314443 1.0527843216306798
149.60783253515174 1.0604269346790458
149.63451188462685 1.0916384696876409
149.62717315214948 1.122980847206106
149.58092717611137 1.127437143822814
149.5395738782825 1.1372500718826872
149.66716659865662 1.1629631966938818
149.5496232886326 1.1995746935884128
149.70507816902628 1.2774445204771918
149.70764713022103 1.3349260387265285
149.60932069800327 1.3931463256856895
149.72028361261854 1.3861982812222655
149.55585941042983 1.3785039480989032
149.5764779641401 1.3982740516697103
149.71812517571277 1.4030699906029749
149.48922153798966 1.0100742684719872
149.34965667108128 0.9936983354865324
149.39190150567202 0.9896555838650076
149.37925822903065 1.0569455825618108
149.48677433735008 1.0945164712480646
149.5192537980297 1.273491609198933
149.43857150727496 1.3474475421557703
149.38666411634404 1.3864326767773003
149.369580332641 1.5429340964492702
149.25064683491323 1.0074830510701969
149.3202668650385 1.002391691686355
149.2264766751172 0.994854327865118
149.33759781997196 1.098792396564232
149.16697120119682 1.1037879079659827
149.33511706167556 1.1295111496686434
149.25191437779117 1.1410980827560864
149.27390332913475 1.1448118262191675
149.25735567710154 1.1810795144117188
149.2231493755766 1.2935419060273896
149.22348015326747 1.319808651276063
149.28956920577156 1.329483753708145
149.26021654652405 1.369844687245083
149.19943167933283 1.3866301521193094
149.3193476386401 1.4027820308202903
149.28470181115057 1.4041614665905673
149.34437370283385 1.4433279926479003
149.27317913996342 1.4676312379367824
149.0808148507966 1.1432669257492225
149.01953942688309 1.2127250578470463
149.14906612491012 1.242478764761391
149.0161737518304 1.256366156194144
149.11224845110127 1.279841567631889
149.0138266174807 1.4404943373060228
149.0777789568231 1.4707526463417833
151.23618717941935 1.4671605473976803
151.2470291020266 1.4964024532406823
151.2754394302773 1.5347208436682067
151.24787982762854 1.5307588303707365
151.22779952958274 1.5694899190778702
151.07483689603615 0.9854401231978344
151.02901379736144 1.028140755696892
151.07603711435948 1.1138807631411765
151.18473161079075 1.1207200368925063
151.0669609376471 1.130019305887778
151.03578269659795 1.136321004539969
151.19181089447954 1.1981013419558015
151.02573362987948 1.2062318346964438
151.09235154801425 1.26386687081354
151.10863825557388 1.327651380998495
151.0572223974907 1.3370062780806302
151.13182627765192 1.3847392923712825
151.10443206322986 1.4241068343507657
151.14857518374504 1.433813683342149
151.09492076952696 1.457861069746036
151.2001039002216 1.489026017917328
151.0408824786369 1.505519923923709
151.1014150727874 1.5156989324309762
151.0837410666946 1.5161579454662208
151.177341256875 1.5715132395729958
150.84411473910504 0.9964487496451814
150.85318039391072 1.0525591776941987
150.99953235295197 1.0668768086501352
150.9437606091879 1.0803726332597317
150.90552915418917 1.0962576528372985
150.93974410146984 1.1797656595360584
150.90727215211928 1.1982745978398883
150.86765707113932 1.211582244941572
150.97972617230042 1.2289775740700504
150.93174257679075 1.2298451760827616
150.96364573038468 1.2638439583193612
150.83765773312282 1.2742788684407833
151.00532097458665 1.309007768497491
151.013446289078 1.3779962446232203
150.86127720122616 1.3628921020060956
150.87414965762653 1.417788299569982
150.91750577996146 1.4655654354434846
150.88834663889872 1.46774180482506
150.85566869214398 1.5160025912730488
150.95874071036462 1.5227553943903132
150.87125321638473 1.5358560079872563
150.95587637340762 1.5324896437982214
150.748644239611 0.9792064545296888
150.8237347993616 0.980160603970052
150.67283851735868 0.9906559660271832
150.67066494468793 1.0115755420578822
150.64826103512488 1.0056134500311953
150.72181007103825 1.0016568692334182
150.71562213058664 1.0335004213623544
150.7561999646637 1.067604567538068
150.8204966987836 1.098884428057212
150.66382098470962 1.1484797900625332
150.76593466705765 1.173454164834256
150.77818899194705 1.302713042226619
150.66532160904816 1.3181546609323758
150.6764043379741 1.3488953598783835
150.70044509282832 1.3625515972667643
150.82454457245453 1.3539375946597751
150.6681315272883 1.4119593467215537
150.77189978584184 1.4183162129835627
150.66011191434714 1.4410391916108125
150.65855003591173 1.5300758165267023
150.5029195240316 0.965446253082184
150.4720427153616 0.9836767813468134
150.60475487683766 1.0277130805020342
150.581993055512 1.044205414165436
150.54563119245103 1.1014427890673777
150.55587007539978 1.1357530812475
150.5168659466843 1.148079623760968
150.49597415279266 1.1642783215067736
150.60179698648008 1.2039200704145046
150.5717088696616 1.2166226271140532
150.47696864108897 1.2202055962809577
150.5273472569389 1.3062480554729408
150.4810472141473 1.33348072901846
150.60654420550134 1.337475971093827
150.58574071052817 1.354772492760057
150.54191566343766 1.3480161290369497
150.60703998986767 1.3477370589691826
150.5413817800119 1.3924054429624957
150.55673639547433 1.409343590285252
150.46889008551062 1.4122061461076685
150.62980454174442 1.429456468230199
150.57747538221926 1.4536201515348388
150.3631132098229 1.421897518503639
149.497306363322 1.6150964467211728
149.59414351442098 2.408617487766191
149.43106566641296 2.486649010201284
149.27906805387587 1.5958980906131552
149.28750510913406 1.6517883837468823
149.37465180493743 1.7563981023504731
149.23321377846796 1.7694313221982183
149.34504638585918 1.9033813506714927
149.40191047104943 1.9067605252137827
149.3730830343814 1.91328032204213
149.34738536814743 2.4572949406744904
149.3668032009066 2.514457501979773
149.23105816276205 2.5274852047128102
149.31031202577512 2.5510536383728724
149.3777320346267 2.568680956699444
149.3231036048476 2.675320534171003
149.3308094438836 2.748782332839132
149.3095895995383 2.801902888718085
149.34855683499782 2.805208453419986
149.3974838508913 2.850890001647395
149.25175008822103 2.868175430964483
149.05988403473026 1.5971733756175264
149.21545852045793 1.6249315604830274
149.06518441735395 1.6830297145570614
149.09681672316606 1.717130147983272
149.18332679790822 1.719268481730187
149.10349032040102 1.7695793823226609
149.13225660128975 1.7915544681530031
149.17494448933053 1.828292999651084
149.08663871217186 1.842550441483224
149.05394364267312 1.870747298893093
149.08890151666935 1.874422554497078
149.11307256348962 1.880751989354435
149.18223529072318 1.8980053044638816
149.2108930086343 1.9384355019791464
149.04802160111245 2.461598159472045
149.17225529076276 2.519656056038224
149.20327520200013 2.566368426126467
149.0836798836373 2.5729509660164265
149.19207245838734 2.598892188945926
149.21034274559392 2.6263075256239308
149.2268182485936 2.6333406251780507
149.14958414708528 2.661085680233166
149.20999590922068 2.717241485582864
149.14465430691408 2.744045945324662
149.1919657618263 2.746820614557869
149.1878153397764 2.769608054513415
149.14781761682804 2.7786668459701285
149.1481499608896 2.798698504620027
149.10377402933486 2.80593256377288
149.2214329311103 2.857348253137063
149.1448184132719 3.06996859084674
148.94418390200013 1.5862547316280016
148.99040413245754 1.6079036288309392
149.01334659910796 1.6935118495062813
148.99142175011534 1.71509931176233
148.9940129422905 1.798691075715008
148.9844212733082 1.866595148778485
148.95721442358635 2.51634040559728
148.95603182800332 2.577949117393275
149.00445803829626 2.5927916128013004
149.03471838562314 2.5938923933379
148.90414211363742 2.592056749778344
148.98332110767137 2.608215712742212
148.95292884897194 2.623155681694577
148.96072956484042 2.651317077024282
151.0658975827382 1.5804364667885245
151.00010374324208 1.5838512239119866
151.0391033920323 1.5951390364179063
150.97298757471046 1.680467695582189
150.9245205196683 1.7289722992285967
150.93869227240288 1.7178914597063355
150.91153026994388 1.773037481894627
150.953629511755 1.8217965029302696
151.00423072847244 1.9118761095268195
150.959655286643 1.910930517010736
150.92017376662704 1.9009262636135849
151.00027811960882 2.462177665857124
151.04828185013815 2.4622506421697854
150.95332926486114 2.51206336707364
150.99904824831506 2.5559872563392783
150.93531598937392 2.600910676361303
150.92549980851007 2.685635772925385
150.91276426013573 2.7372325014961585
151.04250819723734 2.7677044464432248
150.90563501211764 2.8668803855271823
151.00116723844417 2.8588749724287355
150.87100281298487 1.601094030852896
150.88606625088133 1.6062503165034012
150.85773700527182 1.6682312558901058
150.85478110161912 1.742249105290005
150.86613116017026 1.7933572892149297
150.81668900380689 1.801228221596051
150.88249001157445 1.9255805313351309
150.8125204096263 2.580318056549405
150.8694592957579 2.676467740424144
