desi_paper_data/fig_7_d.ecsv
# %ECSV 1.0
# ---
# datatype:
# - {name: redshift, datatype: float64}
# - {name: u_g, datatype: float64}
# - {name: no_lae, datatype: bool}
# schema: astropy-2.0
redshift u_g no_lae
[from data line 379]
2.91759991645813 1.7100000000000009 True
2.194000005722046 1.0380000000000003 False
2.3159000873565674 1.7520000000000024 False
2.963200092315674 1.9379999999999988 True
3.3234000205993652 4.253 False
2.5299999713897705 3.375 True
3.537400007247925 2.2349999999999994 True
2.2685000896453857 1.0040000000000013 True
2.4463999271392822 0.7779999999999987 True
3.2797999382019043 2.821999999999999 False
2.9586000442504883 2.0970000000000013 True
2.175800085067749 0.8120000000000012 False
3.231600046157837 4.075000000000003 True
3.0069000720977783 2.5630000000000024 True
3.262500047683716 2.285999999999998 False
2.7637999057769775 0.9749999999999979 True
3.12280011177063 2.8240000000000016 True
2.7569000720977783 1.3900000000000006 False
2.9446001052856445 1.9780000000000015 False
3.1101999282836914 2.6209999999999987 False
2.8001999855041504 1.5390000000000015 True
3.0945000648498535 2.3850000000000016 False
2.9200000762939453 1.806000000000001 True
3.1098999977111816 3.7749999999999986 True
2.2119998931884766 0.7639999999999993 False
2.8160998821258545 1.4080000000000013 False
2.238800048828125 0.7750000000000021 False
3.4319000244140625 2.237000000000002 False
3.023099899291992 2.1419999999999995 True
2.3977999687194824 0.8719999999999999 False
3.1124000549316406 3.122 False
3.384700059890747 2.3689999999999998 True
3.1489999294281006 2.8599999999999994 True
3.2488999366760254 3.233999999999998 True
3.128499984741211 2.030000000000001 True
2.738100051879883 1.5710000000000015 False
2.922499895095825 1.7469999999999999 False
2.9398999214172363 2.6439999999999984 True
2.9593000411987305 1.439 False
2.27620005607605 1.3699999999999974 True
3.0271999835968018 2.373000000000001 False
2.6698999404907227 2.4770000000000003 False
2.9730000495910645 1.6960000000000015 True
2.8554000854492188 1.570999999999998 True
2.9939000606536865 1.6389999999999993 True
2.9626998901367188 2.418000000000003 False
2.931999921798706 1.5779999999999994 False
2.657099962234497 0.8129999999999988 False
3.311500072479248 -123.681 False
2.484499931335449 1.6529999999999987 True
2.989300012588501 2.7459999999999987 True
3.3155999183654785 4.343 False
3.1147000789642334 1.2910000000000004 False
2.489500045776367 0.8580000000000005 False
2.4879000186920166 0.5479999999999983 False
2.4876999855041504 2.1670000000000016 True
2.7846999168395996 0.9780000000000015 False
3.0857999324798584 2.187999999999999 False
2.7074999809265137 1.2129999999999974 False
3.2620999813079834 -124.17599999999999 False
3.1723999977111816 3.043000000000003 False
3.368499994277954 2.5919999999999987 True
3.4302000999450684 2.8709999999999987 False
2.7523000240325928 1.2280000000000015 False
3.0534000396728516 2.0820000000000007 False
2.9791998863220215 2.0020000000000024 False
2.841399908065796 1.5079999999999991 True
2.7946999073028564 1.2540000000000013 False
2.7530999183654785 1.088000000000001 False
2.581899881362915 0.597999999999999 False
2.677299976348877 0.8909999999999982 False
3.150700092315674 3.247 False
2.3422999382019043 0.6950000000000003 False
3.4077999591827393 -124.2 False
2.8958001136779785 1.2570000000000014 False
3.0471999645233154 2.157 False
2.9065001010894775 2.129999999999999 True
2.7228000164031982 1.126999999999999 False
3.0185000896453857 1.8689999999999998 True
3.1338999271392822 2.091000000000001 False
2.394200086593628 1.3739999999999988 False
3.341099977493286 2.9480000000000004 True
2.9268999099731445 1.7779999999999987 False
2.7973999977111816 1.2510000000000012 False
2.96589994430542 1.4009999999999998 False
3.027899980545044 1.6400000000000006 False
3.1019999980926514 1.7010000000000005 True
2.9173998832702637 1.022000000000002 False
2.8078999519348145 1.2810000000000024 False
3.291300058364868 -123.59700000000001 False
3.0422000885009766 2.34 False
3.354300022125244 4.530000000000001 False
3.208899974822998 2.5090000000000003 True
3.094599962234497 2.09 False
3.2146999835968018 4.942 False
2.9725000858306885 1.3260000000000005 False
2.652600049972534 0.7289999999999992 False
2.913300037384033 1.3590000000000018 False
3.2114999294281006 3.3240000000000016 False
3.3921000957489014 3.0680000000000014 False
3.3052000999450684 3.6799999999999997 False
2.9867000579833984 2.215 False
2.9323999881744385 1.1010000000000026 False
3.293100118637085 3.9299999999999997 False
2.6982998847961426 0.9869999999999983 False
2.254499912261963 6.115000000000002 True
3.143399953842163 2.871000000000002 False
3.417799949645996 4.744 False
2.909600019454956 1.1799999999999997 False
2.8115999698638916 1.2940000000000005 False
2.3550000190734863 2.224 True
3.0457000732421875 1.0120000000000005 False
3.041300058364868 1.3100000000000023 False
2.6649999618530273 0.8520000000000003 False
2.3189001083374023 0.31700000000000017 False
3.0401999950408936 1.9179999999999993 True
3.1113998889923096 2.1119999999999983 False
3.215100049972534 2.4589999999999996 True
3.259999990463257 4.830000000000002 False
3.473900079727173 -123.30499999999999 True
3.1881000995635986 3.405000000000001 False
3.0813000202178955 1.1610000000000014 False
3.1463000774383545 2.9830000000000005 True
2.8515000343322754 2.0150000000000006 True
3.222100019454956 3.455000000000002 True
2.446500062942505 0.47099999999999653 False
3.1189000606536865 2.5779999999999994 False
2.838900089263916 1.4649999999999999 False
2.912600040435791 1.6090000000000018 False
3.0697999000549316 1.5730000000000004 False
2.826200008392334 1.0500000000000007 False
3.1168999671936035 2.774000000000001 True
3.28439998626709 4.907 False
2.9493000507354736 1.7959999999999994 False
2.8087000846862793 1.3260000000000005 False
2.8117001056671143 1.4430000000000014 False
3.2827999591827393 3.216000000000001 False
3.203700065612793 3.210000000000001 False
3.171600103378296 1.875 True
3.06030011177063 2.176000000000002 False
2.9999001026153564 1.9600000000000009 False
2.9944000244140625 1.5210000000000008 True
2.807499885559082 1.2530000000000001 False
3.145400047302246 2.599 False
2.8598999977111816 0.5570000000000022 False
3.2832999229431152 -123.66900000000001 False
3.4821999073028564 -123.42699999999999 False
2.4430999755859375 0.6550000000000011 False
3.12280011177063 2.404 False
2.956199884414673 1.7319999999999993 False
3.3378000259399414 -123.241 False
3.4179999828338623 -124.689 False
2.5000998973846436 0.4809999999999981 False
3.6500000953674316 -123.657 False
3.3798999786376953 -124.331 True
3.0615999698638916 1.875 False
2.9916999340057373 1.4800000000000004 False
3.016700029373169 2.0329999999999977 False
3.305500030517578 2.4989999999999988 False
3.342600107192993 4.958000000000002 True
3.0099000930786133 2.6769999999999996 False
2.997499942779541 1.3350000000000009 False
3.0778000354766846 1.993000000000002 False
3.0495998859405518 2.247 True
3.293100118637085 -124.421 False
3.3768999576568604 2.2979999999999983 True
3.4354000091552734 3.0589999999999975 False
2.947200059890747 1.3150000000000013 False
3.1482999324798584 1.6229999999999976 False
3.4749999046325684 4.657999999999998 False
3.4161999225616455 -123.90299999999999 False
3.3297998905181885 2.8580000000000005 False
3.319700002670288 2.7449999999999974 True
2.603100061416626 0.7799999999999976 False
3.2295000553131104 4.987000000000002 False
3.1872000694274902 4.18 False
3.362499952316284 -123.863 False
3.2246999740600586 3.3659999999999997 False
3.1749000549316406 1.3309999999999995 False
3.0922999382019043 1.6750000000000007 False
3.2695999145507812 4.010999999999999 False
2.9530999660491943 1.3270000000000017 False
2.578000068664551 0.7159999999999975 False
2.9523000717163086 1.9329999999999998 False
3.3369998931884766 -123.447 False
3.3324999809265137 2.651 False
3.342600107192993 -124.439 False
2.759999990463257 1.4250000000000007 False
2.8577001094818115 1.2639999999999993 False
3.376800060272217 3.769000000000002 False
3.102400064468384 4.192 True
3.0954999923706055 2.0849999999999973 True
3.283400058746338 3.442 False
3.0123000144958496 1.7070000000000007 False
3.2300000190734863 2.879999999999999 False
2.4137001037597656 0.6210000000000022 False
3.2279999256134033 2.737000000000002 False
3.0427000522613525 1.9369999999999976 False
2.903700113296509 1.2139999999999986 False
2.6494998931884766 0.791999999999998 False
2.6454999446868896 0.6969999999999992 False
2.572700023651123 0.786999999999999 False
2.74780011177063 1.0700000000000003 False
3.0132999420166016 1.618000000000002 False
3.006500005722046 1.7190000000000012 False
2.9586000442504883 1.227999999999998 False
2.67549991607666 0.7909999999999968 False
3.1073999404907227 2.245000000000001 False
3.271199941635132 -123.75800000000001 False
3.3036999702453613 -123.64699999999999 False
3.089900016784668 1.801000000000002 False
2.7500998973846436 0.990000000000002 False
2.8982999324798584 1.304000000000002 False
2.7383999824523926 1.0779999999999994 False
3.363300085067749 -123.976 False
2.504699945449829 1.9259999999999984 False
3.0720999240875244 2.235000000000003 False
3.047499895095825 2.405000000000001 True
3.3540000915527344 3.3709999999999987 False
3.0423998832702637 4.884 True
3.0587000846862793 2.1679999999999993 False
2.929500102996826 2.7560000000000002 True
2.7493999004364014 1.0579999999999998 False
3.2439000606536865 3.5749999999999993 False
3.0964999198913574 2.343 True
3.1029000282287598 2.089000000000002 False
3.3199000358581543 2.714000000000002 False
3.0552000999450684 2.3369999999999997 False
2.9198999404907227 1.9839999999999982 True
3.364000082015991 3.9430000000000014 False
3.0750999450683594 1.5110000000000028 False
2.8568999767303467 1.2660000000000018 False
3.0006000995635986 1.9319999999999986 False
2.8638999462127686 1.3230000000000004 False
2.773699998855591 1.3039999999999985 False
3.1521999835968018 1.8230000000000004 False
2.9625000953674316 2.007999999999999 False
2.89520001411438 2.5869999999999997 True
2.84879994392395 1.4649999999999999 True
2.861299991607666 1.554000000000002 False
3.149899959564209 2.8249999999999993 False
2.9691998958587646 2.2639999999999993 True
3.3369998931884766 -123.958 True
2.859999895095825 0.9359999999999999 False
3.001199960708618 1.5559999999999974 False
2.8392999172210693 1.2089999999999996 False
2.944000005722046 1.4649999999999999 False
3.49780011177063 -124.654 False
2.4372000694274902 1.254999999999999 True
2.2583000659942627 2.8939999999999984 True
2.384999990463257 0.5330000000000013 False
2.8657000064849854 1.4749999999999979 False
3.0069000720977783 2.450000000000003 True
3.1865999698638916 4.463999999999999 False
3.2815001010894775 -123.64 False
2.963399887084961 1.6510000000000034 False
2.920599937438965 1.556000000000001 False
3.2992000579833984 5.800999999999998 False
3.037600040435791 2.2510000000000012 True
2.958400011062622 1.4690000000000012 False
2.7699999809265137 1.001999999999999 False
2.140000104904175 4.248999999999999 False
3.0297999382019043 1.852999999999998 False
3.020400047302246 1.6809999999999974 False
3.045799970626831 1.6750000000000007 False
2.815999984741211 1.689 False
3.0608999729156494 2.6209999999999987 False
2.9335999488830566 1.5650000000000013 False
2.757200002670288 1.0940000000000012 False
3.3217999935150146 1.8100000000000023 False
2.899600028991699 1.2429999999999986 False
2.7897000312805176 1.2449999999999974 False
3.0636000633239746 3.3900000000000006 False
2.8714001178741455 1.9559999999999995 True
2.3856000900268555 0.5779999999999994 False
2.8552000522613525 1.3230000000000004 False
3.0927999019622803 1.6050000000000004 False
3.204400062561035 -123.949 False
3.2558999061584473 3.1290000000000013 False
3.2546000480651855 -123.774 False
2.6833999156951904 1.0340000000000025 False
2.9514000415802 1.6409999999999982 False
3.078900098800659 2.331000000000003 False
2.998500108718872 2.038999999999998 False
3.065700054168701 3.311 True
2.5731000900268555 0.5309999999999988 False
3.2388999462127686 2.4619999999999997 False
2.7932000160217285 1.8399999999999999 False
2.993000030517578 2.068999999999999 False
2.805500030517578 1.4570000000000007 False
3.152600049972534 2.205000000000002 False
3.1054000854492188 2.407 False
2.8078999519348145 1.283999999999999 False
3.1120998859405518 2.016000000000002 False
3.2488999366760254 2.5760000000000005 False
2.8770999908447266 1.3270000000000017 False
3.0768001079559326 1.977999999999998 False
3.237600088119507 -124.049 False
3.0367000102996826 2.1880000000000024 False
3.4082000255584717 -124.32900000000001 True
3.2372000217437744 3.6389999999999993 False
3.2565999031066895 5.410999999999998 False
3.178999900817871 2.1259999999999977 False
3.3773999214172363 -124.157 False
3.0311999320983887 1.666999999999998 False
3.3808000087738037 -122.77799999999999 False
2.9439001083374023 1.1039999999999992 False
2.9316999912261963 1.8840000000000003 False
3.3638999462127686 -124.02 False
2.544300079345703 0.9750000000000014 False
3.1233999729156494 2.626999999999999 True
3.0306999683380127 2.0009999999999977 False
2.890899896621704 1.3909999999999982 False
2.672800064086914 0.9090000000000025 False
3.4393999576568604 2.414999999999999 True
3.265700101852417 -123.63399999999999 False
2.948499917984009 1.5579999999999998 False
3.1821999549865723 2.525000000000002 False
2.7741000652313232 2.3290000000000006 True
2.7490999698638916 0.5990000000000002 False
2.8742001056671143 1.3829999999999991 False
2.947000026702881 1.4080000000000013 False
2.8259999752044678 1.436 False
2.9809000492095947 2.1419999999999995 True
2.9802000522613525 1.5730000000000004 False
3.1967999935150146 1.8910000000000018 False
3.4463000297546387 -123.826 False
2.954200029373169 1.6820000000000022 False
2.8798999786376953 1.0620000000000012 False
3.4893999099731445 11.421999999999997 False
3.251199960708618 2.5779999999999994 False
3.0404999256134033 1.5399999999999991 False
3.2190001010894775 -123.512 False
2.953000068664551 1.6549999999999976 False
3.6312999725341797 2.9090000000000025 False
2.948699951171875 1.4879999999999995 False
2.626199960708618 0.8789999999999978 False
2.646899938583374 0.7340000000000018 False
3.103100061416626 1.463000000000001 False
2.9788999557495117 1.6060000000000016 False
2.8857998847961426 0.6780000000000008 False
3.1742000579833984 2.9510000000000005 False
2.607100009918213 0.7629999999999981 False
2.534600019454956 0.6950000000000003 False
2.7583000659942627 1.2759999999999998 False
2.8387999534606934 1.2880000000000003 False
2.986799955368042 1.2330000000000005 True
3.0032999515533447 2.498000000000001 True
3.254300117492676 2.5470000000000006 False
2.3203999996185303 0.39399999999999835 False
2.975800037384033 2.1309999999999967 False
2.6486001014709473 1.1739999999999995 False
3.205199956893921 2.285 False
3.0722999572753906 2.214000000000002 False
2.523099899291992 1.0009999999999977 False
2.745300054550171 1.408999999999999 True
2.32450008392334 0.5839999999999996 False
2.7272000312805176 0.6890000000000001 False
3.4848999977111816 3.6709999999999994 False
2.844899892807007 1.4869999999999983 False
3.1517999172210693 2.745000000000001 False
3.314300060272217 4.3820000000000014 False
2.4800000190734863 0.517000000000003 False
2.6542999744415283 0.6960000000000015 False
3.2915000915527344 -123.27799999999999 False
2.944000005722046 1.5090000000000003 False
3.373500108718872 6.006 False
3.374300003051758 3.3279999999999994 False
2.8726999759674072 1.9849999999999994 False
2.2999000549316406 0.8019999999999996 True
3.015199899673462 1.9890000000000008 False
3.3828999996185303 -123.52 False
3.115000009536743 2.5450000000000017 True
2.7065999507904053 0.8769999999999989 False
2.3722000122070312 0.6389999999999993 False
2.27810001373291 0.5129999999999981 False
2.386699914932251 0.5640000000000001 False
2.7344000339508057 2.1610000000000014 True
3.049999952316284 2.3419999999999987 False
2.7576000690460205 1.0829999999999984 False
3.2636001110076904 3.0380000000000003 False
2.5376999378204346 1.477999999999998 False
3.319000005722046 -122.905 True
3.1984000205993652 2.617000000000001 True
