desi_paper_data/fig_7_b.ecsv
# %ECSV 1.0
# ---
# datatype:
# - {name: g_r, datatype: float64}
# - {name: u_g, datatype: float64}
# - {name: no_lae, datatype: bool}
# schema: astropy-2.0
g_r u_g no_lae
0.09600000000000009 0.5879999999999974 False
0.5269999999999975 1.5890000000000022 False
0.5450000000000017 1.7689999999999984 False
0.26099999999999923 1.0229999999999997 False
0.16400000000000148 0.9750000000000014 False
0.39399999999999835 1.6690000000000005 False
0.4540000000000006 1.5990000000000002 False
0.0710000000000015 0.7059999999999995 False
0.352999999999998 1.2830000000000013 False
0.030000000000001137 0.7319999999999993 False
0.3039999999999985 1.0470000000000006 False
0.39599999999999724 1.2200000000000024 False
0.26200000000000045 1.0120000000000005 False
0.4039999999999999 1.328999999999997 False
0.13899999999999935 0.7230000000000025 False
0.16300000000000026 1.0969999999999978 False
0.20899999999999963 0.8060000000000009 False
0.3039999999999985 1.2800000000000011 False
0.4579999999999984 1.4420000000000002 False
0.45200000000000173 1.7609999999999992 False
0.13200000000000145 0.791999999999998 False
0.5360000000000014 1.5120000000000005 False
0.43400000000000105 1.6849999999999987 False
0.972999999999999 2.968 False
0.3760000000000012 1.166999999999998 False
0.48300000000000054 1.8019999999999996 False
0.25 0.9050000000000011 False
0.35300000000000153 1.1660000000000004 False
0.2029999999999994 0.828000000000003 False
0.34299999999999997 1.0869999999999997 False
0.15700000000000003 0.9780000000000015 False
0.34299999999999997 1.1140000000000008 False
0.14899999999999736 0.6769999999999996 False
0.29499999999999815 1.5779999999999994 False
0.16499999999999915 1.0380000000000003 False
0.11600000000000321 0.7069999999999972 False
0.402000000000001 1.4229999999999983 False
0.6709999999999994 2.2580000000000027 False
0.6030000000000015 1.9259999999999984 False
0.07600000000000051 0.7780000000000022 False
0.3689999999999998 1.1799999999999997 False
0.365000000000002 1.291999999999998 False
0.1739999999999995 0.8550000000000004 False
0.45500000000000185 2.0 False
0.232999999999997 1.1690000000000005 False
0.07099999999999795 0.6870000000000012 False
0.25900000000000034 1.1640000000000015 False
0.13300000000000267 1.093 False
0.17299999999999827 1.1990000000000016 False
0.22299999999999898 1.581000000000003 False
0.33000000000000185 1.3530000000000015 False
0.25700000000000145 0.9929999999999986 False
0.48900000000000077 1.554000000000002 False
0.402000000000001 1.5269999999999975 False
0.48900000000000077 1.5519999999999996 False
0.04100000000000037 0.5360000000000014 False
0.1739999999999995 0.722999999999999 False
0.25400000000000134 0.9009999999999998 False
0.48100000000000165 1.6929999999999978 False
0.18599999999999994 1.0100000000000016 False
0.3420000000000023 1.3919999999999995 False
0.5090000000000003 1.8019999999999996 False
0.3069999999999986 1.586000000000002 False
0.22100000000000009 1.1739999999999995 False
0.4740000000000002 1.475999999999999 False
0.10600000000000165 0.8309999999999995 False
0.3240000000000016 1.5949999999999989 False
0.3490000000000002 1.3859999999999992 False
0.33500000000000085 1.3029999999999973 False
0.13599999999999923 0.652000000000001 False
0.2579999999999991 0.9969999999999999 False
0.3769999999999989 1.3859999999999992 False
0.21300000000000097 0.8129999999999988 False
0.2140000000000022 0.8299999999999983 False
0.19000000000000128 1.6050000000000004 False
0.23799999999999955 1.154 False
0.2970000000000006 1.376999999999999 False
0.3260000000000005 1.1509999999999998 False
0.28800000000000026 1.0109999999999992 False
0.15700000000000003 0.916999999999998 False
0.3200000000000003 1.1950000000000003 False
0.3019999999999996 1.375 False
0.028999999999999915 1.2149999999999999 False
0.05700000000000216 0.4889999999999972 False
0.05100000000000193 0.6419999999999995 False
0.33200000000000074 1.2530000000000001 False
0.3949999999999996 1.4030000000000022 False
0.30700000000000216 1.4749999999999979 False
0.5059999999999967 1.9270000000000032 False
0.5479999999999983 1.8309999999999995 False
0.3340000000000032 1.1189999999999998 False
0.2270000000000003 0.8939999999999984 False
0.13000000000000256 0.7699999999999996 False
0.07200000000000273 0.6049999999999969 False
0.33999999999999986 1.2409999999999997 False
0.3269999999999982 1.1529999999999987 False
0.5309999999999988 1.5680000000000014 False
0.6440000000000019 2.0799999999999983 False
0.6129999999999995 1.713000000000001 True
0.3719999999999999 1.189 True
0.44299999999999784 1.3070000000000022 True
0.48100000000000165 1.884999999999998 False
0.3019999999999996 1.059000000000001 False
0.13599999999999923 0.6759999999999984 False
0.7300000000000004 2.3859999999999992 False
0.593 1.7620000000000005 False
0.26899999999999835 1.1780000000000008 False
-0.10099999999999909 0.4939999999999998 False
0.5189999999999984 1.5160000000000018 True
0.36499999999999844 1.4480000000000004 False
0.3569999999999993 1.2349999999999994 False
0.18200000000000216 0.7859999999999978 False
0.33000000000000185 1.2729999999999997 False
0.5730000000000004 1.894000000000002 True
0.5079999999999991 1.7040000000000006 False
0.39199999999999946 1.3120000000000012 False
0.5429999999999993 1.5890000000000022 True
0.4350000000000023 1.6239999999999988 True
0.37099999999999866 1.4140000000000015 False
0.8369999999999997 2.158999999999999 False
0.42299999999999827 1.4789999999999992 False
0.2779999999999987 1.3470000000000013 False
0.7530000000000001 2.0150000000000006 True
0.5279999999999987 1.7280000000000015 False
0.14699999999999847 0.718 False
0.5950000000000024 1.8909999999999982 True
0.6110000000000007 1.9589999999999996 False
0.5 1.5529999999999973 True
0.4789999999999992 1.6329999999999991 False
0.22000000000000242 0.9209999999999994 False
0.23199999999999932 0.8670000000000009 False
0.5949999999999989 1.988000000000003 True
0.44700000000000273 1.5749999999999993 True
0.477999999999998 1.5690000000000026 True
0.647000000000002 3.1779999999999973 True
0.593 2.0120000000000005 False
0.5970000000000013 1.9229999999999983 False
0.541999999999998 1.6260000000000012 False
0.7940000000000005 2.1479999999999997 False
0.5079999999999991 2.0479999999999983 False
0.4750000000000014 1.5009999999999977 True
0.3279999999999994 1.0569999999999986 False
0.1999999999999993 0.9100000000000001 False
0.5470000000000006 1.663999999999998 False
0.3160000000000025 1.538999999999998 False
0.2920000000000016 1.0589999999999975 False
0.3940000000000019 1.5949999999999989 True
0.3089999999999975 1.3580000000000005 True
0.8149999999999977 4.176000000000002 False
0.19500000000000028 0.7910000000000004 False
0.2749999999999986 1.0410000000000004 False
0.18799999999999883 0.7950000000000017 False
0.2809999999999988 0.9469999999999992 False
0.30900000000000105 1.0749999999999993 True
0.3309999999999995 1.1900000000000013 False
0.37299999999999756 1.5660000000000025 True
0.3949999999999996 1.3610000000000007 False
0.06500000000000128 1.381999999999998 False
0.6400000000000006 1.8729999999999976 True
0.5169999999999995 1.5370000000000026 True
0.4740000000000002 1.593 True
0.3769999999999989 1.2429999999999986 False
0.4969999999999999 1.7019999999999982 False
0.5650000000000013 1.593 True
0.5749999999999993 2.1149999999999984 True
0.22100000000000009 1.0549999999999997 True
0.8520000000000003 2.132999999999999 True
0.4209999999999994 1.8569999999999993 False
0.2950000000000017 1.2659999999999982 False
0.3240000000000016 1.096 True
0.4869999999999983 1.6940000000000026 True
0.5339999999999989 1.8760000000000012 False
0.38400000000000034 1.227999999999998 True
0.625 2.6560000000000024 True
0.33300000000000196 1.1289999999999978 False
0.15800000000000125 0.7059999999999995 True
0.9299999999999997 2.414999999999999 True
0.4269999999999996 1.7240000000000002 False
0.815999999999999 2.618000000000002 True
0.11599999999999966 0.610000000000003 True
0.20500000000000185 1.056000000000001 True
0.26699999999999946 1.0080000000000027 True
0.9230000000000018 2.3930000000000007 True
0.18900000000000006 0.7469999999999999 False
0.7540000000000013 1.9849999999999994 True
0.3619999999999983 1.2059999999999995 False
0.5430000000000028 1.730999999999998 False
0.6819999999999986 1.8539999999999992 False
0.16300000000000026 0.7729999999999997 True
0.4330000000000034 1.2879999999999967 True
0.5890000000000022 1.722999999999999 False
0.4700000000000024 1.4149999999999991 False
0.12099999999999866 0.6340000000000003 False
0.38899999999999935 1.6140000000000008 True
0.38899999999999935 1.5549999999999997 False
0.20199999999999818 0.804000000000002 False
0.09600000000000009 0.6700000000000017 False
0.35400000000000276 1.1759999999999984 False
0.7639999999999993 2.3850000000000016 True
0.5309999999999988 1.5020000000000024 False
0.27399999999999736 1.3810000000000002 True
0.6829999999999998 2.1099999999999994 True
0.08399999999999963 0.8870000000000005 False
0.3309999999999995 1.311 False
0.0710000000000015 0.6969999999999992 True
0.18900000000000006 0.8010000000000019 True
0.5509999999999984 1.5569999999999986 False
0.5869999999999997 1.7630000000000017 True
0.379999999999999 1.1850000000000023 False
0.6159999999999997 1.7100000000000009 True
0.6870000000000012 1.9379999999999988 True
0.9980000000000011 3.375 True
0.5779999999999994 2.0970000000000013 True
0.21999999999999886 0.9749999999999979 True
0.4859999999999971 1.3900000000000006 False
0.6320000000000014 1.9780000000000015 False
0.49099999999999966 1.5390000000000015 True
0.48900000000000077 1.806000000000001 True
0.49099999999999966 1.4080000000000013 False
0.4239999999999995 1.5710000000000015 False
0.6449999999999996 1.7469999999999999 False
0.879999999999999 2.6439999999999984 True
0.43299999999999983 1.439 False
0.5169999999999995 2.4770000000000003 False
0.6030000000000015 1.6960000000000015 True
0.42700000000000315 1.570999999999998 True
0.5079999999999991 1.6389999999999993 True
0.6319999999999979 2.418000000000003 False
0.45200000000000173 1.5779999999999994 False
0.21600000000000108 0.8129999999999988 False
0.8760000000000012 2.7459999999999987 True
0.21899999999999764 0.9780000000000015 False
0.27300000000000324 1.2129999999999974 False
0.26099999999999923 1.2280000000000015 False
0.44899999999999807 2.0020000000000024 False
0.3370000000000033 1.5079999999999991 True
0.19099999999999895 1.2540000000000013 False
0.19500000000000028 1.088000000000001 False
0.05099999999999838 0.597999999999999 False
0.120000000000001 0.8909999999999982 False
0.31599999999999895 1.2570000000000014 False
0.6789999999999985 2.129999999999999 True
0.2010000000000005 1.126999999999999 False
0.10699999999999932 1.7779999999999987 False
0.3290000000000006 1.2510000000000012 False
0.30400000000000205 1.4009999999999998 False
0.21799999999999997 1.022000000000002 False
0.4009999999999998 1.2810000000000024 False
0.2960000000000029 1.3260000000000005 False
0.13700000000000045 0.7289999999999992 False
0.4209999999999994 1.3590000000000018 False
0.6639999999999979 2.215 False
0.22299999999999898 1.1010000000000026 False
0.17099999999999937 0.9869999999999983 False
0.352999999999998 1.1799999999999997 False
0.29100000000000037 1.2940000000000005 False
0.13599999999999923 0.8520000000000003 False
0.6720000000000006 2.0150000000000006 True
0.4299999999999997 1.4649999999999999 False
0.3249999999999993 1.6090000000000018 False
0.2729999999999997 1.0500000000000007 False
0.5370000000000026 1.7959999999999994 False
0.4319999999999986 1.3260000000000005 False
0.3520000000000003 1.4430000000000014 False
0.5010000000000012 1.9600000000000009 False
0.472999999999999 1.5210000000000008 True
0.38200000000000145 1.2530000000000001 False
-0.037000000000002586 0.5570000000000022 False
0.41600000000000037 1.7319999999999993 False
0.0730000000000004 0.4809999999999981 False
0.3490000000000002 1.4800000000000004 False
0.36599999999999966 1.3350000000000009 False
0.2220000000000013 1.3150000000000013 False
0.19900000000000162 0.7799999999999976 False
0.21999999999999886 1.3270000000000017 False
0.1460000000000008 0.7159999999999975 False
0.5750000000000028 1.9329999999999998 False
0.4569999999999972 1.4250000000000007 False
0.4280000000000008 1.2639999999999993 False
0.3160000000000025 1.2139999999999986 False
0.0990000000000002 0.791999999999998 False
0.09500000000000242 0.6969999999999992 False
0.07400000000000162 0.786999999999999 False
0.26399999999999935 1.0700000000000003 False
0.2729999999999997 1.227999999999998 False
0.18599999999999994 0.7909999999999968 False
0.2190000000000012 0.990000000000002 False
0.3000000000000007 1.304000000000002 False
0.2630000000000017 1.0779999999999994 False
0.7260000000000026 1.9259999999999984 False
0.8389999999999986 2.7560000000000002 True
0.3309999999999995 1.0579999999999998 False
0.6709999999999994 1.9839999999999982 True
0.41999999999999815 1.2660000000000018 False
0.45500000000000185 1.3230000000000004 False
0.4089999999999989 1.3039999999999985 False
0.6939999999999991 2.007999999999999 False
0.8399999999999999 2.5869999999999997 True
0.49700000000000344 1.4649999999999999 True
0.4799999999999969 1.554000000000002 False
0.7710000000000008 2.2639999999999993 True
0.24600000000000222 0.9359999999999999 False
0.34199999999999875 1.2089999999999996 False
0.2259999999999991 1.4649999999999999 False
0.3760000000000012 1.4749999999999979 False
0.39199999999999946 1.6510000000000034 False
0.4339999999999975 1.556000000000001 False
0.4740000000000002 1.4690000000000012 False
0.16100000000000136 1.001999999999999 False
0.41199999999999903 1.689 False
0.32299999999999685 1.5650000000000013 False
0.3470000000000013 1.0940000000000012 False
0.38500000000000156 1.2429999999999986 False
0.30600000000000094 1.2449999999999974 False
1.1920000000000002 1.9559999999999995 True
0.34499999999999886 1.3230000000000004 False
0.3049999999999997 1.0340000000000025 False
0.3890000000000029 1.6409999999999982 False
0.3390000000000022 2.038999999999998 False
0.0940000000000012 0.5309999999999988 False
0.5800000000000018 1.8399999999999999 False
0.5820000000000007 2.068999999999999 False
0.23600000000000065 1.4570000000000007 False
0.3910000000000018 1.283999999999999 False
0.36400000000000077 1.3270000000000017 False
0.3099999999999987 1.1039999999999992 False
0.3619999999999983 1.8840000000000003 False
0.28500000000000014 0.9750000000000014 False
0.46000000000000085 1.3909999999999982 False
0.23999999999999844 0.9090000000000025 False
0.4059999999999988 1.5579999999999998 False
0.9139999999999979 2.3290000000000006 True
0.10699999999999932 0.5990000000000002 False
0.3470000000000013 1.3829999999999991 False
0.09100000000000108 1.4080000000000013 False
0.4029999999999987 1.436 False
0.7850000000000001 2.1419999999999995 True
0.22299999999999898 1.5730000000000004 False
0.5119999999999969 1.6820000000000022 False
0.32099999999999795 1.0620000000000012 False
0.40700000000000003 1.6549999999999976 False
0.5139999999999993 1.4879999999999995 False
0.19400000000000261 0.8789999999999978 False
0.16799999999999926 0.7340000000000018 False
0.5009999999999977 1.6060000000000016 False
0.15399999999999991 0.6780000000000008 False
0.1509999999999998 0.7629999999999981 False
0.09299999999999997 0.6950000000000003 False
0.34399999999999764 1.2759999999999998 False
0.3520000000000003 1.2880000000000003 False
0.38400000000000034 1.2330000000000005 True
0.5630000000000024 2.1309999999999967 False
0.3619999999999983 1.1739999999999995 False
0.30700000000000216 1.0009999999999977 False
0.2710000000000008 1.408999999999999 True
0.12199999999999989 0.6890000000000001 False
0.3150000000000013 1.4869999999999983 False
0.120000000000001 0.6960000000000015 False
0.2740000000000009 1.5090000000000003 False
0.402000000000001 1.9849999999999994 False
0.09499999999999886 0.8769999999999989 False
0.8200000000000003 2.1610000000000014 True
0.31299999999999883 1.0829999999999984 False
0.49299999999999855 1.477999999999998 False
0.3539999999999992 1.5229999999999997 False
0.15000000000000213 1.1679999999999993 False
0.28699999999999903 1.0139999999999993 False
0.6239999999999988 1.8160000000000025 True
0.24099999999999966 1.0889999999999986 False
0.15300000000000225 0.8409999999999975 False
0.6270000000000024 2.4499999999999993 False
0.26500000000000057 1.279 False
0.240000000000002 0.9059999999999988 False
0.3099999999999987 1.1940000000000026 True
0.15200000000000102 0.6980000000000004 True
0.6449999999999996 2.0700000000000003 True
0.4009999999999998 1.282 False
0.5910000000000011 1.7250000000000014 True
0.45800000000000196 1.343 True
0.19500000000000028 0.8160000000000025 False
0.35600000000000165 1.2109999999999985 False
1.1670000000000016 4.036999999999999 False
0.44399999999999906 1.4059999999999988 False
0.34499999999999886 1.1640000000000015 False
0.014000000000002899 1.1829999999999998 False
0.2930000000000028 1.485999999999997 False
0.19000000000000128 0.9229999999999983 False
0.2309999999999981 1.2280000000000015 False
0.13700000000000045 0.8939999999999984 False
0.389999999999997 1.402000000000001 True
0.5459999999999994 2.315999999999999 False
0.25500000000000256 1.4130000000000003 False
0.2970000000000006 1.2540000000000013 False
-0.09299999999999997 0.4720000000000013 False
-0.006000000000000227 0.9610000000000021 False
0.5460000000000029 1.6829999999999998 True
0.3219999999999992 1.1969999999999992 False
0.45300000000000296 1.3689999999999998 False
0.3230000000000004 1.0449999999999982 False
0.7840000000000025 2.320999999999998 False
0.41300000000000026 1.2860000000000014 True
0.6829999999999998 2.0139999999999993 False
0.39000000000000057 1.2950000000000017 True
0.4930000000000021 1.5219999999999985 False
0.3150000000000013 1.4450000000000003 False
0.11700000000000088 0.6490000000000009 False
0.7620000000000005 4.893000000000001 False
0.5120000000000005 1.6900000000000013 False
0.6410000000000018 4.657999999999998 True
0.48799999999999955 1.4380000000000024 False
0.31899999999999906 1.0309999999999988 False
0.08099999999999952 0.7510000000000012 False
0.49299999999999855 1.471 False
0.00999999999999801 0.44700000000000273 False
-0.028999999999999915 1.0109999999999992 False
0.1559999999999988 1.2780000000000022 False
0.4029999999999987 1.2800000000000011 False
0.5960000000000001 1.698999999999998 False
0.48600000000000065 1.75 True
0.40800000000000125 1.3640000000000008 False
0.4330000000000034 1.416999999999998 False
0.2940000000000005 1.2590000000000003 False
1.0329999999999977 3.564 True
0.3500000000000014 1.2729999999999997 False
0.6890000000000001 1.9370000000000012 False
0.4480000000000004 1.4589999999999996 False
0.15800000000000125 0.7379999999999995 False
0.26599999999999824 1.1040000000000028 False
0.5869999999999997 1.6809999999999974 False
0.2560000000000002 1.533999999999999 False
0.22299999999999898 1.2660000000000018 False
0.046999999999997044 0.985000000000003 False
0.7560000000000002 2.048000000000002 True
0.7349999999999994 -123.691 True
0.5030000000000001 1.4959999999999987 False
0.2530000000000001 0.9299999999999997 False
0.4969999999999999 1.666999999999998 True
0.1479999999999997 1.4190000000000005 False
1.1920000000000002 2.3810000000000002 True
0.125 1.3930000000000007 False
-0.038999999999997925 0.593 False
1.0010000000000012 2.6389999999999993 True
0.1670000000000016 0.7219999999999978 False
0.657 2.3099999999999987 True
0.6720000000000006 2.0380000000000003 False
0.25900000000000034 1.346 False
0.10999999999999943 1.3260000000000005 False
0.15899999999999892 1.2050000000000018 False
0.4510000000000005 1.3489999999999966 True
0.3509999999999991 1.5400000000000027 False
0.5889999999999986 1.7620000000000005 True
0.2259999999999991 0.8190000000000026 False
-0.004000000000001336 0.6110000000000007 False
0.3689999999999998 1.2439999999999998 False
0.1999999999999993 1.221 False
0.1960000000000015 1.5199999999999996 False
-0.36299999999999955 0.28999999999999915 True
0.12700000000000244 0.6020000000000003 False
0.08099999999999952 1.0470000000000006 False
0.4090000000000025 1.8699999999999974 False
