desi_paper_data/fig_5_a.ecsv
# %ECSV 1.0
# ---
# datatype:
# - {name: z_vi, datatype: float64}
# - {name: photo_z, datatype: float64}
# - {name: with_ly-alpha_emission, datatype: bool}
# schema: astropy-2.0
z_vi photo_z with_ly-alpha_emission
2.542099952697754 2.3966 True
3.4842000007629395 3.3926 True
2.3219499588012695 2.3065 True
2.940000057220459 2.8618 True
3.243000030517578 3.1959 True
2.865950107574463 2.8213 True
2.6875 2.6595 True
2.6638500690460205 2.5961 True
2.442699909210205 2.3237 True
2.7799999713897705 2.8674 True
2.9541499614715576 2.8435 True
2.5394999980926514 2.5671 True
2.789099931716919 2.7292 True
2.6236000061035156 2.6047 True
2.7904999256134033 2.713 True
2.7827999591827393 2.8095 True
3.1840999126434326 3.2177 True
2.787899971008301 2.6639 True
3.123300075531006 2.9179 True
3.086899995803833 2.9945 True
3.126300096511841 3.1372 True
3.200550079345703 3.1832 True
2.9412500858306885 2.7757 True
3.0527501106262207 2.9692 True
2.5685501098632812 2.647 True
2.799149990081787 2.729 True
2.534950017929077 2.4961 True
2.362449884414673 2.6215 True
3.071199893951416 2.9151 True
2.8015999794006348 2.8091 True
3.232800006866455 2.9053 True
3.1805999279022217 3.0767 True
2.769700050354004 2.9405 True
3.0334999561309814 2.845 True
2.946150064468384 3.3396 True
3.0957999229431152 3.1078 True
2.711899995803833 2.6477 True
2.915750026702881 2.7848 True
2.970599889755249 2.8369 True
3.0899999141693115 2.923 True
2.822200059890747 3.3943 True
2.9148499965667725 2.6532 True
3.052799940109253 3.0448 True
2.9784998893737793 2.9647 True
2.690200090408325 2.5859 True
3.2671000957489014 3.1758 True
2.8216500282287598 2.3919 True
3.4422500133514404 2.3047 True
2.728800058364868 2.6403 True
2.8629000186920166 0.081 True
2.4860498905181885 2.4754 True
2.4429500102996826 2.3455 True
2.648699998855591 2.7647 True
3.046600103378296 3.021 True
2.4707999229431152 2.5827 True
2.5406999588012695 2.5926 True
2.559999942779541 2.5519 True
2.4748499393463135 2.315 True
2.419250011444092 2.4103 True
2.8384499549865723 2.8579 True
3.5286500453948975 3.4116 True
2.4660000801086426 2.5372 True
2.746799945831299 2.7432 True
2.650099992752075 2.5302 True
2.948050022125244 2.851 True
2.9775500297546387 2.9959 True
3.055299997329712 2.9522 True
3.2778000831604004 2.9026 True
2.9123499393463135 2.9102 True
2.626800060272217 2.5987 True
3.3139500617980957 3.2431 True
3.2151501178741455 3.1642 True
3.1397500038146973 3.1446 True
3.2933499813079834 3.2052 True
2.6772499084472656 2.698 True
3.0909500122070312 2.9774 True
2.869649887084961 2.8163 True
2.6600000858306885 2.5523 True
2.3589000701904297 2.3054 True
3.5010499954223633 3.4508 True
2.701900005340576 2.8934 True
3.1431500911712646 3.1387 True
2.7567999362945557 2.7137 True
2.3654000759124756 2.4837 True
2.6933000087738037 2.6009 True
2.8408000469207764 2.7493 True
2.3730499744415283 2.3052 True
2.875200033187866 2.7603 True
3.4598500728607178 3.4292 True
3.2922000885009766 3.055 True
2.485100030899048 2.5647 True
3.5260000228881836 3.4998 True
2.7539000511169434 2.7273 True
2.899899959564209 2.9128 True
3.0986499786376953 3.1101 True
2.9623000621795654 2.9356 True
2.749350070953369 2.6679 True
3.0881500244140625 2.78 True
2.805500030517578 2.8451 True
3.2844998836517334 3.1985 True
3.1352500915527344 3.0924 True
3.491849899291992 3.4414 True
2.8617498874664307 2.8713 True
2.7929000854492188 2.8711 True
2.5488998889923096 2.5266 True
2.5164999961853027 2.5963 True
2.692199945449829 2.6037 True
3.1775500774383545 3.1612 True
2.9367499351501465 2.9167 True
2.7100000381469727 2.6463 True
2.979749917984009 2.8433 True
2.9765501022338867 3.006 True
2.953850030899048 2.9196 True
3.12719988822937 3.031 True
2.8450000286102295 2.8295 True
3.1606500148773193 3.0926 True
2.4857499599456787 2.4517 True
2.8743999004364014 2.7869 True
2.728749990463257 2.6956 True
3.0597500801086426 3.0412 True
2.9661500453948975 2.8753 True
3.0071001052856445 2.9738 True
2.908250093460083 2.8408 True
3.0542500019073486 2.9949 True
2.7649500370025635 -99.0 True
3.100800037384033 -99.0 True
3.0841500759124756 2.5454 True
2.6175999641418457 2.541 True
2.7337000370025635 2.6798 True
2.7697999477386475 2.7208 True
2.6796000003814697 2.6095 True
2.6177499294281006 2.5705 True
2.980950117111206 2.8941 True
3.380199909210205 3.2402 True
3.1322500705718994 3.104 True
3.093899965286255 3.0124 True
3.5571000576019287 3.3991 True
3.3064498901367188 2.899 True
3.1839001178741455 3.1565 True
3.0348000526428223 2.8458 True
3.080349922180176 3.0247 True
3.125 2.5187 True
3.569999933242798 3.2383 True
2.8264999389648438 2.6063 True
2.9145500659942627 2.8854 True
3.289900064468384 3.0641 True
2.8024001121520996 2.7446 True
2.4921000003814697 2.5302 True
2.6673500537872314 2.6487 True
2.6631999015808105 2.5457 True
2.7799999713897705 2.7474 True
3.3292500972747803 3.2195 True
2.8603999614715576 2.8829 True
2.8911499977111816 2.8673 True
2.542099952697754 2.4682 True
3.025049924850464 3.0129 True
3.1626999378204346 3.1984 True
3.240000009536743 3.2368 True
2.68149995803833 2.5829 True
2.8799500465393066 2.7374 True
2.8460500240325928 2.7998 True
2.8617000579833984 2.8625 True
2.935650110244751 2.9225 True
2.9433000087738037 2.8992 True
2.7781500816345215 2.6304 True
2.724900007247925 2.635 True
3.0251500606536865 3.0234 True
2.5957000255584717 2.5728 True
2.6184499263763428 2.4009 True
2.697700023651123 2.6639 True
3.2701001167297363 2.7803 True
3.3104000091552734 3.2608 True
2.7933499813079834 2.7172 True
2.9670000076293945 2.8208 True
2.9932000637054443 2.9715 True
3.200200080871582 3.1772 True
3.0708999633789062 3.0871 True
2.8698999881744385 2.8651 False
2.7495501041412354 2.803 False
2.365600109100342 2.4404 True
2.7216999530792236 2.7417 False
2.953000068664551 2.895 True
3.203399896621704 3.134 True
2.781049966812134 2.7552 True
3.1997499465942383 3.1362 True
2.5699000358581543 2.3608 True
2.990000009536743 3.0466 True
2.1890499591827393 2.3785 False
2.836199998855591 2.8288 True
2.722749948501587 2.7293 True
2.5754499435424805 2.3776 True
3.2779500484466553 3.2541 True
3.1910998821258545 3.2375 True
2.856300115585327 2.8616 False
2.2548000812530518 3.1657 False
3.0458500385284424 2.8689 True
3.0364999771118164 3.0735 True
2.210249900817871 2.3578 False
2.867000102996826 2.8361 True
2.5839500427246094 -99.0 True
2.373150110244751 2.453 False
2.748650074005127 2.2254 True
2.670099973678589 2.7403 True
2.9830501079559326 2.9397 False
2.994800090789795 2.9059 True
2.7696499824523926 2.7542 True
2.8870999813079834 2.9004 False
2.8963000774383545 2.9315 False
2.2379000186920166 2.5097 False
3.2053000926971436 2.9969 True
2.2290000915527344 2.3229 True
2.5754001140594482 2.8241 True
2.9830501079559326 3.1301 True
2.8040499687194824 2.7033 True
2.8947501182556152 2.8783 True
2.9600000381469727 2.945 False
2.9472999572753906 2.9278 True
2.6050000190734863 2.0523 True
2.961250066757202 2.9903 False
3.031049966812134 3.0475 True
2.83774995803833 2.905 True
2.8826000690460205 2.8546 False
2.446000099182129 2.9054 True
2.957900047302246 2.9097 True
2.7544000148773193 0.0101 True
2.594449996948242 0.063 True
2.9031999111175537 0.08 False
2.863450050354004 2.8817 False
3.1361498832702637 3.0263 False
3.2333500385284424 3.1643 True
2.880000114440918 2.8465 False
2.7646000385284424 3.1744 False
2.986299991607666 2.9426 True
2.9790499210357666 2.9807 True
2.9344000816345215 2.8916 True
2.959700107574463 2.9696 True
2.9805500507354736 3.0094 True
2.7887001037597656 2.8149 False
2.3405001163482666 2.07 True
2.7280499935150146 2.6977 True
2.646399974822998 2.6471 True
3.033900022506714 3.382 True
3.0647499561309814 3.1122 True
2.936199903488159 2.885 True
2.960700035095215 2.8694 True
3.0385000705718994 3.1283 True
2.476599931716919 2.6688 True
3.0269999504089355 2.9364 True
3.111599922180176 3.0651 True
2.407399892807007 2.9127 True
2.676949977874756 2.5833 True
3.0035998821258545 3.106 False
2.8510000705718994 2.8615 False
2.568850040435791 2.7931 False
2.200000047683716 0.1287 True
3.5829999446868896 2.6166 True
3.0028998851776123 2.8741 True
2.809799909591675 3.3143 True
2.9714999198913574 2.2111 True
2.7323999404907227 0.0583 True
2.5659000873565674 2.5342 True
2.4147000312805176 2.5338 True
2.6554999351501465 2.6304 True
2.3970999717712402 0.0987 True
2.5488998889923096 2.4763 False
3.2850000858306885 3.3042 True
2.807800054550171 2.7698 True
2.8073999881744385 2.8562 False
2.348599910736084 2.8707 True
2.2544000148773193 -99.0 True
2.7464001178741455 2.7636 True
2.2448999881744385 0.098 False
2.2541000843048096 2.3692 False
2.9721999168395996 2.8031 True
2.9567999839782715 2.9258 False
3.0381999015808105 3.1435 False
3.2629001140594482 3.2746 False
2.7262001037597656 2.7849 False
2.4646999835968018 2.3698 False
2.947000026702881 2.94 False
2.688699960708618 2.7205 True
2.1605000495910645 0.0826 True
3.0153000354766846 2.9493 True
2.7690000534057617 2.7709 True
2.7692999839782715 2.8375 False
2.9816999435424805 3.0434 False
2.3073999881744385 3.0554 True
2.990999937057495 2.2051 False
2.7311999797821045 2.7924 False
2.3733999729156494 0.0752 False
2.9558000564575195 2.9553 True
2.782900094985962 2.7533 True
2.942500114440918 2.5385 False
2.8183999061584473 2.8159 False
2.4577999114990234 2.8387 False
3.042799949645996 3.0089 False
2.853300094604492 2.8935 True
2.7065999507904053 0.0801 False
2.2200000286102295 2.3882 False
2.5336999893188477 3.1281 False
2.3427000045776367 2.3876 False
2.7743000984191895 2.7243 True
2.8475000858306885 2.0799 False
2.535599946975708 2.895 False
2.9447999000549316 2.9099 True
2.9504001140594482 3.0793 False
2.1554999351501465 1.7058 False
2.408600091934204 2.6936 True
2.163800001144409 2.3148 False
3.1452999114990234 3.1045 False
2.1865999698638916 3.0136 True
3.0148000717163086 2.9725 False
2.812700033187866 2.3284 False
2.2170000076293945 2.3246 True
2.328399896621704 3.1568 True
2.279900074005127 2.318 False
2.56469988822937 2.6694 False
3.126199960708618 3.1253 True
2.7311999797821045 0.0484 False
2.389899969100952 2.8822 True
2.785399913787842 0.1119 False
2.8148000240325928 2.17 True
2.192500114440918 2.2473 False
2.603300094604492 2.9308 False
2.6542999744415283 2.5904 True
3.1382999420166016 3.1652 False
2.928999900817871 2.9462 True
2.2518999576568604 2.3271 False
2.6747000217437744 0.125 True
2.8684000968933105 2.6 False
2.5099000930786133 2.5785 False
2.8687000274658203 2.8549 True
2.2834999561309814 2.1778 True
2.4119999408721924 2.6736 True
2.776599884033203 2.8096 True
3.054500102996826 2.9953 False
2.7697999477386475 2.0082 True
3.0648000240325928 2.9145 True
2.9491000175476074 2.9353 False
3.4219000339508057 3.4143 True
2.219899892807007 2.7338 False
3.1786000728607178 2.2499 True
2.9907000064849854 2.8638 True
2.871000051498413 2.1666 True
3.5796000957489014 2.5585 True
3.167799949645996 3.1707 False
2.556299924850464 2.336 True
2.7227001190185547 0.4 True
2.764400005340576 0.0803 False
2.825900077819824 2.7769 True
2.97379994392395 2.5106 False
2.3564999103546143 2.732 True
2.567199945449829 1.414 False
2.359999895095825 2.5433 False
3.066499948501587 2.861 True
2.552500009536743 2.3397 True
2.3968000411987305 2.603 False
2.149899959564209 2.8327 False
2.4363999366760254 3.2414 False
2.229599952697754 2.7579 True
3.1050000190734863 3.1332 False
3.2418999671936035 2.0284 False
2.8557000160217285 0.4612 True
3.1129000186920166 2.9593 True
2.6068999767303467 2.6546 False
3.045599937438965 3.0121 False
2.7035000324249268 2.2818 False
2.772200107574463 2.8141 True
3.368299961090088 3.2328 False
3.242000102996826 3.2844 False
2.9971001148223877 2.928 False
3.136899948120117 3.1154 True
3.245300054550171 3.2866 False
2.816800117492676 2.717 True
2.4326000213623047 2.4915 False
2.441200017929077 2.4334 True
2.308799982070923 2.325 True
3.3322999477386475 3.3101 True
3.085900068283081 3.0831 False
2.91759991645813 2.7908 False
2.194000005722046 2.2642 True
2.3159000873565674 2.7584 True
2.963200092315674 2.9213 False
3.3234000205993652 3.2335 True
2.5299999713897705 3.3107 False
3.537400007247925 3.1466 False
2.2685000896453857 2.391 False
2.4463999271392822 2.522 False
3.2797999382019043 3.2667 True
2.9586000442504883 2.9859 False
2.175800085067749 2.1723 True
3.231600046157837 3.2334 False
3.0069000720977783 3.1423 False
3.262500047683716 3.0495 True
2.7637999057769775 2.761 False
3.12280011177063 3.1254 False
2.7569000720977783 2.706 True
2.9446001052856445 2.9743 True
3.1101999282836914 3.1591 True
2.8001999855041504 2.8291 False
3.0945000648498535 3.1252 True
2.9200000762939453 2.8978 False
3.1098999977111816 3.1756 False
2.2119998931884766 2.3595 True
2.8160998821258545 2.6535 True
2.238800048828125 2.3423 True
3.4319000244140625 3.3075 True
3.023099899291992 3.0718 False
2.3977999687194824 2.3446 True
3.1124000549316406 3.1888 True
3.384700059890747 3.0055 False
3.1489999294281006 3.1091 False
3.2488999366760254 3.1787 False
3.128499984741211 2.9568 False
2.738100051879883 2.7604 True
2.922499895095825 2.9021 True
2.9398999214172363 0.091 False
2.9593000411987305 2.8605 True
2.27620005607605 2.8606 False
3.0271999835968018 2.9664 True
2.6698999404907227 3.0495 True
2.9730000495910645 2.8828 False
2.8554000854492188 0.0169 False
2.9939000606536865 2.8646 False
2.9626998901367188 3.0229 True
2.931999921798706 2.9042 True
