desi_paper_data/fig_26_a_lbg_xmm.ecsv
# %ECSV 1.0
# ---
# datatype:
# - {name: ra, datatype: float64}
# - {name: dec, datatype: float64}
# schema: astropy-2.0
ra dec
[from data line 1293]
35.36558461917278 -3.648716661694703
35.34865411281273 -3.6141773057815736
35.304372538473245 -3.609348497862241
35.41300406269064 -3.5889786352855952
35.26857002967809 -3.580797144360024
35.24573331519856 -3.5536169353592606
35.29310740729552 -3.510703932419829
35.25199182098724 -3.51601164642484
35.42135656968975 -3.5224163882897352
35.32847776679243 -3.527511818015962
35.39493829739586 -3.4348671702395777
35.3582907544213 -3.3868041481217186
35.1876481088974 -4.362560826605452
35.15781662992967 -4.358536765248302
35.17880436855857 -4.343678945769029
35.185872668547454 -4.330720865255415
35.19152441885154 -4.314039116388367
35.22880213918051 -4.303140364672421
35.16791319560178 -4.296664971052973
35.22053564517084 -4.270781614122614
35.0791845583416 -4.257674395413308
35.09351601777729 -4.247022284658472
35.15410207320266 -4.248788294280618
35.079674883887286 -4.217035884053847
35.12442611743536 -4.221357169041364
35.168126204865345 -4.228825335921388
35.15133454876522 -4.194635229619225
35.05865150865945 -4.144716239821532
35.118971431762816 -3.8868272550887126
35.18808405605184 -3.8342188281564495
35.198116312931575 -3.866941268321615
35.1549893322486 -3.822024659059748
35.148230923509566 -3.831484469378116
35.07369594812965 -3.81140198543369
35.145211789733665 -3.795745820157275
35.05214912172989 -3.788228099119978
35.22380202024573 -3.710797719431856
35.12289046492311 -3.5714053220582747
35.17744642032765 -3.550960236757871
35.17619818869072 -3.452383658298796
35.156187462912015 -3.478224049553202
35.15150708880185 -3.4830598080322352
34.9547828958074 -3.974305345644905
37.30354336924093 -4.357645995935054
37.174661430320505 -4.341467491754562
37.16597516951757 -4.296542614087264
37.21515577331184 -4.286343154513445
37.1672253746959 -4.2380269656462
37.19216528208184 -4.249411922355995
37.12025720529494 -4.262425438218487
37.19990160283535 -4.1910820634445285
37.21946434322984 -4.134449154500876
37.10944361697142 -4.123614215883374
37.2141752176958 -4.121349047266878
37.11344487568074 -4.021815448428275
37.22215157852041 -4.062471792874405
37.14023012823159 -3.980268691559772
36.9813082481488 -4.531955171164899
37.031448941827925 -4.288131082459981
36.92820243788156 -4.231798903855996
37.065327635040255 -4.173174083532666
37.0749705354347 -4.126052081916039
37.07442428580875 -4.081623859156459
36.984824585086834 -4.039273482733519
36.93165624223952 -4.058012867412991
36.93864269729772 -4.059556893832494
37.0172962018303 -4.067704761931163
37.0039313525096 -3.9801317532764697
37.0408183096045 -3.942342289543001
37.02898629080879 -3.9236263758243792
37.08322652597883 -3.907832709995584
36.93834717023692 -3.863353166603931
36.98860952741624 -3.8685338287203854
36.93542328216374 -3.766188677868448
36.74188366353427 -4.3081424515218725
36.740857870934086 -4.296581665502103
36.77702545295351 -4.188959228794031
36.87139197900223 -4.192650584626015
36.80651348433722 -4.194597866127299
36.87813382291223 -4.1151539513775575
36.77136198303249 -3.9721860970255087
36.73809728892575 -3.926516010405369
36.780685176467095 -3.907268291402034
36.84474056804859 -3.9022972646191625
36.77824010031765 -3.8040771146299366
36.82688502509272 -3.772474833066058
36.86069418999607 -3.75595308746718
36.5793346576859 -4.364764027644075
36.70546534840466 -4.358280296127403
36.54626283528039 -4.3387019733982015
36.5457235239646 -4.321195693759363
36.613640683079765 -4.318406571426881
36.62465608741839 -4.305594040885852
36.54502682707629 -4.264690309723134
36.54318143539338 -4.237178152977103
36.57356924699135 -4.207514276319795
36.65955893522334 -4.20715944278428
36.61817305581795 -4.171835541830357
36.71410711770924 -4.163513875745311
36.60758368802594 -4.131369235321924
36.55598576467224 -4.112810480619741
36.57190890442794 -4.097187755776702
36.575117028046336 -4.0654162255945785
36.58850028127764 -4.039750411469061
36.558013992456296 -4.0471789576756505
36.68038839426086 -3.969161733814084
36.59944623833287 -3.963459340869008
36.6829950135736 -3.949707298729453
36.70978023686872 -3.905404728082879
36.68731227786322 -3.825842558355734
36.49258805979328 -4.383854167264959
36.45032866642447 -3.967644617505276
