desi_paper_data/fig_7_c.ecsv
# %ECSV 1.0
# ---
# datatype:
# - {name: g_r, datatype: float64}
# - {name: u_g, datatype: float64}
# - {name: no_lae, datatype: bool}
# schema: astropy-2.0
g_r u_g no_lae
0.7409999999999997 4.131 False
0.6509999999999998 3.353999999999999 False
0.6900000000000013 3.937999999999999 False
0.4969999999999999 1.7059999999999995 False
0.5240000000000009 1.9570000000000007 False
0.33399999999999963 2.556000000000001 False
0.5179999999999971 3.1300000000000026 False
0.379999999999999 1.9740000000000002 False
0.5960000000000001 2.3099999999999987 False
0.7420000000000009 2.2989999999999995 False
0.39399999999999835 2.6580000000000013 False
0.42700000000000315 1.5799999999999983 False
0.647000000000002 2.889999999999997 False
0.35300000000000153 1.6280000000000001 False
0.4629999999999974 2.1590000000000025 False
0.6290000000000013 3.218 False
0.48799999999999955 1.480999999999998 False
0.16799999999999926 1.8719999999999999 False
0.6870000000000012 1.9570000000000007 False
0.47600000000000264 1.9399999999999977 False
0.6170000000000009 4.361999999999998 False
0.38400000000000034 3.033999999999999 False
0.43200000000000216 2.506999999999998 False
0.4759999999999991 3.3240000000000016 False
0.26200000000000045 2.2040000000000006 False
0.5339999999999989 2.933 False
0.7310000000000016 5.4289999999999985 False
0.29699999999999704 4.354000000000003 False
0.4930000000000021 2.347999999999999 False
0.5700000000000003 2.8530000000000015 False
0.593 3.4939999999999998 False
0.6709999999999994 2.5740000000000016 False
0.9619999999999997 4.405999999999999 False
0.41499999999999915 2.8979999999999997 False
0.38599999999999923 2.3200000000000003 False
0.7270000000000003 2.1690000000000005 False
0.3490000000000002 2.0150000000000006 False
0.48300000000000054 2.035 False
0.5309999999999988 2.237000000000002 False
0.4690000000000012 2.2300000000000004 False
0.2359999999999971 0.9920000000000009 False
0.5949999999999989 3.641000000000002 False
0.7040000000000006 2.5969999999999978 False
0.6620000000000026 2.2729999999999997 False
0.602999999999998 1.7900000000000027 False
0.5650000000000013 2.658999999999999 False
0.2920000000000016 1.564 False
0.46399999999999864 2.1099999999999994 False
0.3999999999999986 2.3500000000000014 False
0.7550000000000026 2.4639999999999986 False
0.5470000000000006 3.594999999999999 False
0.45700000000000074 1.968 False
0.5140000000000029 3.2189999999999976 False
0.7259999999999991 5.212 False
0.370000000000001 1.8099999999999987 False
0.4269999999999996 1.6000000000000014 False
0.4660000000000011 3.507999999999999 False
0.8179999999999978 3.5260000000000034 False
0.8039999999999985 2.5420000000000016 False
0.6280000000000001 2.802000000000003 False
0.6859999999999999 3.360999999999997 False
0.3470000000000013 3.3939999999999984 False
0.6920000000000002 3.977999999999998 False
0.5429999999999993 1.6120000000000019 False
0.6370000000000005 2.2669999999999995 False
0.647000000000002 2.1020000000000003 False
0.48900000000000077 2.065999999999999 False
0.5820000000000007 2.1179999999999986 True
0.8069999999999986 2.682000000000002 False
0.9399999999999977 2.5820000000000007 False
0.6129999999999995 2.5770000000000017 False
0.7699999999999996 2.9090000000000025 False
0.5640000000000001 1.7860000000000014 False
0.6579999999999977 2.466000000000001 False
0.620000000000001 2.5199999999999996 True
0.6479999999999997 1.8580000000000005 False
0.9529999999999994 3.206000000000003 False
0.8309999999999995 2.161999999999999 True
0.879999999999999 3.7340000000000018 True
0.5060000000000002 2.062000000000001 False
0.6629999999999967 2.1700000000000017 True
0.6380000000000017 2.568999999999999 True
0.6110000000000007 2.053000000000001 True
0.6950000000000003 2.526 False
0.6769999999999996 3.2360000000000007 True
0.7409999999999997 2.3640000000000008 True
0.625 1.823999999999998 False
0.9770000000000003 4.533000000000001 False
0.31899999999999906 1.0410000000000004 False
0.7590000000000003 2.7040000000000006 True
0.5809999999999995 1.7390000000000008 False
0.8069999999999986 2.051000000000002 True
0.16799999999999926 0.7519999999999989 True
0.6290000000000013 1.9899999999999984 False
0.657 2.1519999999999975 True
0.7749999999999986 3.847999999999999 True
0.5910000000000011 4.579000000000001 True
0.8460000000000001 2.4670000000000023 False
0.8870000000000005 3.4949999999999974 True
0.9730000000000025 4.259999999999998 False
0.7659999999999982 2.3580000000000005 True
0.8510000000000026 4.253 False
0.9830000000000005 2.821999999999999 False
0.7119999999999997 4.075000000000003 True
0.8659999999999997 2.5630000000000024 True
0.7660000000000018 2.285999999999998 False
0.7829999999999977 2.8240000000000016 True
0.7429999999999986 2.6209999999999987 False
0.7799999999999976 2.3850000000000016 False
0.6900000000000013 3.7749999999999986 True
0.8279999999999994 2.237000000000002 False
0.6380000000000017 2.1419999999999995 True
0.6660000000000004 3.122 False
0.7309999999999981 2.3689999999999998 True
0.5339999999999989 2.8599999999999994 True
0.578000000000003 3.233999999999998 True
0.6999999999999993 2.030000000000001 True
0.48799999999999955 2.373000000000001 False
0.9309999999999974 -123.681 False
0.6810000000000009 4.343 False
0.3739999999999988 1.2910000000000004 False
0.6819999999999986 2.187999999999999 False
0.7140000000000022 -124.17599999999999 False
0.5749999999999993 3.043000000000003 False
0.9029999999999987 2.5919999999999987 True
1.190999999999999 2.8709999999999987 False
0.4670000000000023 2.0820000000000007 False
0.8079999999999998 3.247 False
0.8580000000000005 -124.2 False
0.6049999999999969 2.157 False
0.6999999999999993 1.8689999999999998 True
0.588000000000001 2.091000000000001 False
1.0129999999999981 2.9480000000000004 True
0.38000000000000256 1.6400000000000006 False
0.620000000000001 1.7010000000000005 True
0.8170000000000002 -123.59700000000001 False
0.6429999999999971 2.34 False
0.40000000000000213 4.530000000000001 False
0.8269999999999982 2.5090000000000003 True
0.6149999999999984 2.09 False
0.6059999999999981 4.942 False
0.7169999999999987 3.3240000000000016 False
0.6129999999999995 3.0680000000000014 False
0.6559999999999988 3.6799999999999997 False
1.0549999999999997 3.9299999999999997 False
0.7509999999999977 2.871000000000002 False
0.6750000000000007 4.744 False
0.25 1.0120000000000005 False
0.44799999999999685 1.3100000000000023 False
0.6440000000000019 1.9179999999999993 True
0.5150000000000006 2.1119999999999983 False
0.7579999999999991 2.4589999999999996 True
0.6890000000000001 4.830000000000002 False
1.1739999999999995 -123.30499999999999 True
0.6769999999999996 3.405000000000001 False
0.37099999999999866 1.1610000000000014 False
0.9589999999999996 2.9830000000000005 True
1.043999999999997 3.455000000000002 True
0.7110000000000021 2.5779999999999994 False
0.45300000000000296 1.5730000000000004 False
1.0010000000000012 2.774000000000001 True
0.7739999999999974 4.907 False
0.5829999999999984 3.216000000000001 False
0.41000000000000014 3.210000000000001 False
0.5699999999999967 1.875 True
0.5790000000000006 2.176000000000002 False
0.38700000000000045 2.599 False
1.0050000000000026 -123.66900000000001 False
1.107999999999997 -123.42699999999999 False
0.7699999999999996 2.404 False
0.6940000000000026 -123.241 False
1.1219999999999999 -124.689 False
1.0399999999999991 -124.331 True
0.629999999999999 1.875 False
0.6670000000000016 2.0329999999999977 False
1.0579999999999998 2.4989999999999988 False
1.186 4.958000000000002 True
0.8319999999999972 2.6769999999999996 False
0.4559999999999995 1.993000000000002 False
0.674000000000003 2.247 True
1.0229999999999997 -124.421 False
0.9400000000000013 2.2979999999999983 True
0.9350000000000023 3.0589999999999975 False
0.5489999999999995 1.6229999999999976 False
0.9670000000000023 4.657999999999998 False
0.8629999999999995 -123.90299999999999 False
1.0650000000000013 2.8580000000000005 False
1.096 2.7449999999999974 True
0.6749999999999972 4.987000000000002 False
0.6529999999999987 4.18 False
0.9239999999999995 -123.863 False
0.7360000000000007 3.3659999999999997 False
0.13899999999999935 1.3309999999999995 False
0.43599999999999994 1.6750000000000007 False
0.4960000000000022 4.010999999999999 False
0.5110000000000028 -123.447 False
1.0189999999999984 2.651 False
0.8620000000000019 -124.439 False
0.8210000000000015 3.769000000000002 False
0.8759999999999977 4.192 True
0.7120000000000033 2.0849999999999973 True
0.4299999999999997 3.442 False
0.5889999999999986 1.7070000000000007 False
0.657 2.879999999999999 False
0.5999999999999979 2.737000000000002 False
0.3780000000000001 1.9369999999999976 False
0.2729999999999997 1.618000000000002 False
0.24099999999999966 1.7190000000000012 False
0.12099999999999866 2.245000000000001 False
1.1239999999999988 -123.75800000000001 False
0.8889999999999993 -123.64699999999999 False
0.5019999999999989 1.801000000000002 False
0.7569999999999979 -123.976 False
0.34699999999999775 2.235000000000003 False
0.7319999999999993 2.405000000000001 True
0.5710000000000015 3.3709999999999987 False
1.0489999999999995 4.884 True
0.3940000000000019 2.1679999999999993 False
0.8830000000000027 3.5749999999999993 False
0.7680000000000007 2.343 True
0.5269999999999975 2.089000000000002 False
1.1609999999999978 2.714000000000002 False
0.7870000000000026 2.3369999999999997 False
0.6140000000000008 3.9430000000000014 False
0.3780000000000001 1.5110000000000028 False
0.6780000000000008 1.9319999999999986 False
0.5070000000000014 1.8230000000000004 False
0.48300000000000054 2.8249999999999993 False
1.1090000000000018 -123.958 True
0.4440000000000026 1.5559999999999974 False
1.1400000000000006 -124.654 False
0.972999999999999 2.450000000000003 True
0.7089999999999996 4.463999999999999 False
0.879999999999999 -123.64 False
0.718 5.800999999999998 False
0.5199999999999996 2.2510000000000012 True
0.44200000000000017 1.852999999999998 False
0.578000000000003 1.6809999999999974 False
0.5219999999999985 1.6750000000000007 False
0.6060000000000016 2.6209999999999987 False
0.4980000000000011 1.8100000000000023 False
1.029 3.3900000000000006 False
0.5289999999999999 1.6050000000000004 False
0.8719999999999999 -123.949 False
0.2530000000000001 3.1290000000000013 False
0.2359999999999971 -123.774 False
0.49799999999999756 2.331000000000003 False
1.0090000000000003 3.311 True
0.9439999999999991 2.4619999999999997 False
0.5389999999999979 2.205000000000002 False
0.6750000000000007 2.407 False
0.607999999999997 2.016000000000002 False
0.7669999999999995 2.5760000000000005 False
0.5120000000000005 1.977999999999998 False
0.5100000000000016 -124.049 False
0.5129999999999981 2.1880000000000024 False
1.0579999999999998 -124.32900000000001 True
0.9339999999999975 3.6389999999999993 False
0.9200000000000017 5.410999999999998 False
0.4720000000000013 2.1259999999999977 False
0.6770000000000032 -124.157 False
0.365000000000002 1.666999999999998 False
0.5240000000000009 -122.77799999999999 False
0.9200000000000017 -124.02 False
0.708000000000002 2.626999999999999 True
0.36400000000000077 2.0009999999999977 False
0.9690000000000012 2.414999999999999 True
1.027000000000001 -123.63399999999999 False
0.727999999999998 2.525000000000002 False
0.5730000000000004 1.8910000000000018 False
0.9959999999999987 -123.826 False
1.1679999999999993 11.421999999999997 False
0.6869999999999976 2.5779999999999994 False
0.25 1.5399999999999991 False
0.7059999999999995 -123.512 False
0.45700000000000074 1.463000000000001 False
0.5060000000000002 2.9510000000000005 False
0.8449999999999989 2.498000000000001 True
0.593 2.5470000000000006 False
0.5670000000000002 2.285 False
0.18799999999999883 2.214000000000002 False
1.0039999999999978 3.6709999999999994 False
0.22500000000000142 2.745000000000001 False
0.6479999999999997 4.3820000000000014 False
0.916999999999998 -123.27799999999999 False
0.5810000000000031 6.006 False
0.804000000000002 3.3279999999999994 False
0.29499999999999815 1.9890000000000008 False
0.5920000000000023 -123.52 False
0.5199999999999996 2.5450000000000017 True
0.4450000000000003 2.3419999999999987 False
0.49799999999999756 3.0380000000000003 False
1.0729999999999968 -122.905 True
1.0769999999999982 2.617000000000001 True
0.43100000000000094 3.3249999999999993 False
0.21499999999999986 1.7650000000000006 False
0.5269999999999975 -123.452 False
0.7169999999999987 1.9840000000000018 False
0.5990000000000002 2.378999999999998 False
0.6859999999999999 2.7769999999999975 False
0.5210000000000008 3.321999999999999 False
1.1720000000000006 -124.25 True
0.43200000000000216 1.3829999999999991 True
0.570999999999998 1.8240000000000016 False
0.7360000000000007 -124.029 True
0.6980000000000004 1.9200000000000017 False
0.6230000000000011 2.785 True
1.0549999999999997 3.1700000000000017 True
0.29299999999999926 1.3880000000000017 False
0.6989999999999981 2.607000000000003 False
1.0420000000000016 2.6189999999999998 False
0.4220000000000006 2.094000000000001 False
0.5689999999999991 1.9440000000000026 False
0.6090000000000018 1.9889999999999972 False
0.6189999999999998 1.7040000000000006 False
0.8470000000000013 2.3709999999999987 False
0.8520000000000003 2.7959999999999994 True
0.7379999999999995 2.3679999999999986 True
1.1990000000000016 -123.707 False
0.9710000000000001 -124.31800000000001 True
1.0269999999999975 4.705000000000002 True
0.8599999999999994 3.0249999999999986 False
1.125 -124.07 False
0.8030000000000008 -124.011 False
0.7390000000000008 1.9450000000000003 True
0.5940000000000012 1.6409999999999982 True
0.7190000000000012 2.529 True
0.536999999999999 2.168000000000003 False
0.8769999999999989 5.533999999999999 True
0.8860000000000028 2.7119999999999997 False
1.0079999999999991 5.027000000000001 False
0.8049999999999997 -124.07900000000001 False
0.17800000000000082 1.1630000000000003 False
0.522000000000002 2.5189999999999984 False
0.791999999999998 2.700000000000003 True
0.8470000000000013 2.567 True
0.9549999999999983 2.386000000000003 False
0.6849999999999987 2.014000000000003 True
0.6869999999999976 2.8569999999999993 True
0.5839999999999996 1.6720000000000006 True
1.1309999999999967 2.9520000000000017 True
0.21699999999999875 1.8900000000000006 False
0.36699999999999733 1.5920000000000023 True
0.4609999999999985 2.2609999999999992 False
