desi_paper_data/Figure28cosmos.ecsv
# %ECSV 1.0
# ---
# datatype:
# - {name: col0, datatype: float64}
# - {name: col1, datatype: float64}
# - {name: col2, datatype: float64}
# - {name: col3, datatype: float64}
# - {name: col4, datatype: float64}
# - {name: col5, datatype: float64}
# - {name: col6, datatype: float64}
# - {name: col7, datatype: float64}
# - {name: col8, datatype: float64}
# - {name: col9, datatype: float64}
# - {name: col10, datatype: float64}
# - {name: col11, datatype: float64}
# - {name: col12, datatype: float64}
# - {name: col13, datatype: float64}
# - {name: col14, datatype: float64}
# delimiter: ','
# schema: astropy-2.0
col0,col1,col2,col3,col4,col5,col6,col7,col8,col9,col10,col11,col12,col13,col14
0.0,0.23622077704982236,0.2109782235663491,0.1758332169540958,0.15266271775731832,0.13782821241662524,0.13093310506617692,0.12329710758759259,0.11631799334093476,0.10933058547167344,0.060094274470559414,0.055765006502612076,0.07527601280164939,-0.030423226549995293,-0.024694105265978844
0.23622077704982233,2.220446049250313e-16,0.28084273161291656,0.2312149784151134,0.18610578214607457,0.15742886100487938,0.08379029031683674,0.18050438018734183,0.10070894370994793,0.12129940230779945,0.04360608519952915,-0.02892613743318896,-0.03943247824797643,-0.028019755451569216,0.0411263470013331
0.2109782235663491,0.28084273161291656,-1.1102230246251565e-16,0.30579707476337015,0.29509442531599245,0.28866082614568705,0.205550516207445,0.1894811069191744,0.18537156261911353,0.11403355650904323,0.10351807866639412,0.02175468553733011,-0.03967487807043093,-0.04733339992820629,-0.062218013061936
0.1758332169540958,0.2312149784151134,0.3057970747633702,2.220446049250313e-16,0.3821883915911655,0.2485317478960627,0.184595835581142,0.20795737621523913,0.1715297630921889,0.17458654403562845,0.10386241791419415,0.0569589805596006,0.001028971113080127,-0.061414422034938736,-0.04125924637772536
0.15266271775731832,0.18610578214607457,0.29509442531599245,0.3821883915911655,2.220446049250313e-16,0.3620286202213271,0.2990214364475503,0.2829526064225364,0.275383925668026,0.23936893106655885,0.19362091004387186,0.04152195075737074,-0.023395848282501776,-0.0398151145896841,-0.03877904782333222
0.13782821241662524,0.15742886100487935,0.2886608261456871,0.24853174789606272,0.36202862022132704,2.220446049250313e-16,0.4014450291260189,0.32027855274344436,0.2872788469342601,0.23695679756158883,0.15426698509706244,0.06637555083487749,-0.019542195488671907,-0.06398916039750534,-0.0546674490783505
0.1309331050661769,0.08379029031683674,0.205550516207445,0.18459583558114198,0.2990214364475503,0.4014450291260189,0.0,0.4193290016339753,0.35462489295447874,0.30141009864644747,0.23392200353414463,0.08898468614730581,-0.03158017185567133,-0.10084861059437446,-0.09446209482683658
0.1232971075875926,0.1805043801873418,0.1894811069191744,0.20795737621523913,0.2829526064225364,0.3202785527434444,0.4193290016339753,0.0,0.4523291460202545,0.38560824762382473,0.24570468092984105,0.12163701908877506,-0.007488440942433783,-0.06956866128985366,-0.11952977115583166
0.11631799334093476,0.10070894370994794,0.18537156261911353,0.1715297630921889,0.275383925668026,0.2872788469342601,0.35462489295447874,0.4523291460202545,-1.1102230246251565e-16,0.49366951467232395,0.32961711437650926,0.1814510940997473,0.026205733001016387,-0.01982488573883094,-0.118533346975881
0.10933058547167346,0.12129940230779944,0.11403355650904323,0.17458654403562845,0.23936893106655882,0.23695679756158877,0.30141009864644747,0.38560824762382473,0.4936695146723239,-1.1102230246251565e-16,0.5019638570879439,0.26529990558970157,0.09020215931540461,-0.061260562209347294,-0.16955681911316756
0.060094274470559414,0.04360608519952916,0.10351807866639412,0.10386241791419414,0.19362091004387186,0.1542669850970624,0.23392200353414463,0.24570468092984105,0.32961711437650926,0.5019638570879439,0.0,0.42925805020748936,0.18534492456109336,-0.005941457203534079,-0.1881866153643678
0.055765006502612076,-0.02892613743318896,0.021754685537330114,0.056958980559600594,0.04152195075737074,0.06637555083487749,0.0889846861473058,0.12163701908877504,0.1814510940997473,0.26529990558970157,0.4292580502074894,2.220446049250313e-16,0.4002684985112046,0.052832864260673594,-0.18000526895977229
0.07527601280164939,-0.03943247824797644,-0.03967487807043093,0.001028971113080127,-0.023395848282501776,-0.019542195488671907,-0.03158017185567133,-0.007488440942433784,0.026205733001016387,0.0902021593154046,0.18534492456109333,0.4002684985112046,2.220446049250313e-16,0.28602104595057837,-0.11707982930403647
-0.030423226549995297,-0.028019755451569216,-0.04733339992820629,-0.061414422034938736,-0.0398151145896841,-0.06398916039750534,-0.10084861059437446,-0.06956866128985367,-0.01982488573883094,-0.06126056220934729,-0.005941457203534078,0.0528328642606736,0.2860210459505783,-1.1102230246251565e-16,0.17140357882616256
-0.024694105265978844,0.041126347001333094,-0.062218013061936,-0.04125924637772536,-0.038779047823332226,-0.05466744907835049,-0.09446209482683657,-0.11952977115583165,-0.118533346975881,-0.16955681911316756,-0.18818661536436776,-0.18000526895977226,-0.11707982930403649,0.17140357882616253,0.0
