desi_paper_data/Figure29_fit.ecsv
# %ECSV 1.0
# ---
# datatype:
# - {name: s, datatype: float32}
# - {name: sxi_0_xmm, datatype: float32}
# - {name: sxi_0_inf_xmm, datatype: float32}
# - {name: sxi_0_sup_xmm, datatype: float32}
# - {name: sxi_0_cosmos, datatype: float32}
# - {name: sxi_0_inf_cosmos, datatype: float32}
# - {name: sxi_0_sup_cosmos, datatype: float32}
# delimiter: ','
# schema: astropy-2.0
s,sxi_0_xmm,sxi_0_inf_xmm,sxi_0_sup_xmm,sxi_0_cosmos,sxi_0_inf_cosmos,sxi_0_sup_cosmos
3.5,7.98,6.93,9.11,6.46,5.58,7.42
3.51,7.97,6.92,9.1,6.46,5.57,7.41
3.53,7.97,6.91,9.09,6.45,5.57,7.41
3.55,7.96,6.91,9.08,6.45,5.56,7.4
3.56,7.95,6.9,9.08,6.44,5.56,7.39
3.58,7.94,6.89,9.07,6.43,5.55,7.39
3.6,7.94,6.89,9.06,6.43,5.55,7.38
3.61,7.93,6.88,9.05,6.42,5.54,7.37
3.63,7.92,6.87,9.04,6.42,5.53,7.36
3.65,7.91,6.87,9.03,6.41,5.53,7.36
3.66,7.91,6.86,9.02,6.4,5.52,7.35
3.68,7.9,6.85,9.02,6.4,5.52,7.34
3.7,7.89,6.85,9.01,6.39,5.51,7.34
3.71,7.88,6.84,9.0,6.39,5.51,7.33
3.73,7.87,6.83,8.99,6.38,5.5,7.32
3.75,7.87,6.83,8.98,6.37,5.5,7.31
3.77,7.86,6.82,8.97,6.37,5.49,7.31
3.78,7.85,6.81,8.96,6.36,5.49,7.3
3.8,7.84,6.81,8.95,6.35,5.48,7.29
3.82,7.83,6.8,8.94,6.35,5.47,7.28
3.84,7.83,6.79,8.93,6.34,5.47,7.28
3.85,7.82,6.79,8.92,6.33,5.46,7.27
3.87,7.81,6.78,8.91,6.33,5.46,7.26
3.89,7.8,6.77,8.91,6.32,5.45,7.25
3.91,7.79,6.76,8.9,6.31,5.45,7.25
3.93,7.78,6.76,8.89,6.31,5.44,7.24
3.94,7.78,6.75,8.88,6.3,5.43,7.23
3.96,7.77,6.74,8.87,6.29,5.43,7.22
3.98,7.76,6.73,8.86,6.29,5.42,7.21
4.0,7.75,6.73,8.85,6.28,5.42,7.21
4.02,7.74,6.72,8.84,6.27,5.41,7.2
4.04,7.73,6.71,8.83,6.26,5.4,7.19
4.06,7.72,6.7,8.82,6.26,5.4,7.18
4.07,7.71,6.7,8.81,6.25,5.39,7.17
4.09,7.71,6.69,8.8,6.24,5.38,7.16
4.11,7.7,6.68,8.79,6.24,5.38,7.16
4.13,7.69,6.67,8.78,6.23,5.37,7.15
4.15,7.68,6.66,8.77,6.22,5.37,7.14
4.17,7.67,6.66,8.76,6.21,5.36,7.13
4.19,7.66,6.65,8.74,6.21,5.35,7.12
4.21,7.65,6.64,8.73,6.2,5.35,7.11
4.23,7.64,6.63,8.72,6.19,5.34,7.11
4.25,7.63,6.62,8.71,6.18,5.33,7.1
4.27,7.62,6.62,8.7,6.18,5.33,7.09
4.29,7.61,6.61,8.69,6.17,5.32,7.08
4.31,7.6,6.6,8.68,6.16,5.31,7.07
4.33,7.6,6.59,8.67,6.15,5.31,7.06
4.35,7.59,6.58,8.66,6.15,5.3,7.05
4.37,7.58,6.58,8.65,6.14,5.29,7.04
4.39,7.57,6.57,8.64,6.13,5.29,7.03
4.41,7.56,6.56,8.63,6.12,5.28,7.03
4.43,7.55,6.55,8.61,6.11,5.27,7.02
4.45,7.54,6.54,8.6,6.11,5.27,7.01
4.47,7.53,6.53,8.59,6.1,5.26,7.0
4.49,7.52,6.52,8.58,6.09,5.25,6.99
4.51,7.51,6.52,8.57,6.08,5.25,6.98
4.53,7.5,6.51,8.56,6.07,5.24,6.97
4.55,7.49,6.5,8.55,6.07,5.23,6.96
4.57,7.48,6.49,8.53,6.06,5.22,6.95
4.59,7.47,6.48,8.52,6.05,5.22,6.94
4.62,7.46,6.47,8.51,6.04,5.21,6.93
4.64,7.45,6.46,8.5,6.03,5.2,6.92
4.66,7.44,6.45,8.49,6.02,5.2,6.91
4.68,7.43,6.44,8.48,6.02,5.19,6.9
4.7,7.41,6.44,8.46,6.01,5.18,6.89
4.72,7.4,6.43,8.45,6.0,5.17,6.88
4.74,7.39,6.42,8.44,5.99,5.17,6.87
4.77,7.38,6.41,8.43,5.98,5.16,6.86
4.79,7.37,6.4,8.42,5.97,5.15,6.85
4.81,7.36,6.39,8.4,5.96,5.14,6.84
4.83,7.35,6.38,8.39,5.96,5.14,6.83
4.86,7.34,6.37,8.38,5.95,5.13,6.82
4.88,7.33,6.36,8.37,5.94,5.12,6.81
4.9,7.32,6.35,8.35,5.93,5.11,6.8
4.92,7.31,6.34,8.34,5.92,5.11,6.79
4.95,7.3,6.33,8.33,5.91,5.1,6.78
4.97,7.29,6.32,8.32,5.9,5.09,6.77
4.99,7.27,6.31,8.3,5.89,5.08,6.76
5.02,7.26,6.3,8.29,5.88,5.08,6.75
5.04,7.25,6.29,8.28,5.87,5.07,6.74
5.06,7.24,6.28,8.27,5.87,5.06,6.73
5.09,7.23,6.27,8.25,5.86,5.05,6.72
5.11,7.22,6.26,8.24,5.85,5.04,6.71
5.13,7.21,6.25,8.23,5.84,5.04,6.7
5.16,7.2,6.24,8.21,5.83,5.03,6.69
5.18,7.18,6.23,8.2,5.82,5.02,6.68
5.2,7.17,6.22,8.19,5.81,5.01,6.67
5.23,7.16,6.21,8.17,5.8,5.0,6.66
5.25,7.15,6.2,8.16,5.79,5.0,6.65
5.28,7.14,6.19,8.15,5.78,4.99,6.64
5.3,7.13,6.18,8.13,5.77,4.98,6.63
5.33,7.11,6.17,8.12,5.76,4.97,6.61
5.35,7.1,6.16,8.11,5.75,4.96,6.6
5.38,7.09,6.15,8.09,5.74,4.95,6.59
5.4,7.08,6.14,8.08,5.73,4.95,6.58
5.42,7.07,6.13,8.07,5.72,4.94,6.57
5.45,7.05,6.12,8.05,5.72,4.93,6.56
5.48,7.04,6.11,8.04,5.71,4.92,6.55
5.5,7.03,6.1,8.03,5.7,4.91,6.54
5.53,7.02,6.09,8.01,5.69,4.9,6.53
5.55,7.01,6.08,8.0,5.68,4.9,6.51
5.58,6.99,6.07,7.98,5.67,4.89,6.5
5.6,6.98,6.06,7.97,5.66,4.88,6.49
5.63,6.97,6.05,7.96,5.65,4.87,6.48
5.66,6.96,6.04,7.94,5.64,4.86,6.47
5.68,6.94,6.03,7.93,5.63,4.85,6.46
5.71,6.93,6.02,7.91,5.62,4.84,6.45
5.73,6.92,6.01,7.9,5.61,4.84,6.43
5.76,6.91,5.99,7.88,5.6,4.83,6.42
5.79,6.89,5.98,7.87,5.59,4.82,6.41
5.81,6.88,5.97,7.86,5.58,4.81,6.4
5.84,6.87,5.96,7.84,5.57,4.8,6.39
5.87,6.86,5.95,7.83,5.55,4.79,6.38
5.9,6.84,5.94,7.81,5.54,4.78,6.36
5.92,6.83,5.93,7.8,5.53,4.77,6.35
5.95,6.82,5.92,7.78,5.52,4.76,6.34
5.98,6.81,5.91,7.77,5.51,4.76,6.33
6.01,6.79,5.9,7.75,5.5,4.75,6.32
6.03,6.78,5.88,7.74,5.49,4.74,6.3
6.06,6.77,5.87,7.72,5.48,4.73,6.29
6.09,6.75,5.86,7.71,5.47,4.72,6.28
6.12,6.74,5.85,7.69,5.46,4.71,6.27
6.15,6.73,5.84,7.68,5.45,4.7,6.25
6.17,6.71,5.83,7.66,5.44,4.69,6.24
6.2,6.7,5.82,7.65,5.43,4.68,6.23
6.23,6.69,5.8,7.63,5.42,4.67,6.22
6.26,6.67,5.79,7.62,5.41,4.66,6.21
6.29,6.66,5.78,7.6,5.4,4.65,6.19
6.32,6.65,5.77,7.59,5.39,4.65,6.18
6.35,6.63,5.76,7.57,5.37,4.64,6.17
6.38,6.62,5.75,7.56,5.36,4.63,6.16
6.41,6.61,5.74,7.54,5.35,4.62,6.14
6.44,6.59,5.72,7.53,5.34,4.61,6.13
6.47,6.58,5.71,7.51,5.33,4.6,6.12
6.5,6.57,5.7,7.5,5.32,4.59,6.11
6.53,6.55,5.69,7.48,5.31,4.58,6.09
6.56,6.54,5.68,7.47,5.3,4.57,6.08
6.59,6.53,5.66,7.45,5.29,4.56,6.07
6.62,6.51,5.65,7.43,5.28,4.55,6.05
6.65,6.5,5.64,7.42,5.26,4.54,6.04
6.68,6.48,5.63,7.4,5.25,4.53,6.03
6.71,6.47,5.62,7.39,5.24,4.52,6.02
6.74,6.46,5.6,7.37,5.23,4.51,6.0
6.77,6.44,5.59,7.35,5.22,4.5,5.99
6.8,6.43,5.58,7.34,5.21,4.49,5.98
6.83,6.42,5.57,7.32,5.2,4.48,5.96
6.87,6.4,5.56,7.31,5.19,4.47,5.95
6.9,6.39,5.54,7.29,5.17,4.46,5.94
6.93,6.37,5.53,7.27,5.16,4.45,5.93
6.96,6.36,5.52,7.26,5.15,4.44,5.91
6.99,6.34,5.51,7.24,5.14,4.43,5.9
7.03,6.33,5.49,7.23,5.13,4.42,5.89
7.06,6.32,5.48,7.21,5.12,4.41,5.87
7.09,6.3,5.47,7.19,5.11,4.4,5.86
7.12,6.29,5.46,7.18,5.09,4.39,5.85
7.16,6.27,5.44,7.16,5.08,4.38,5.83
7.19,6.26,5.43,7.14,5.07,4.37,5.82
7.22,6.24,5.42,7.13,5.06,4.36,5.81
7.26,6.23,5.41,7.11,5.05,4.35,5.79
7.29,6.22,5.39,7.1,5.04,4.34,5.78
7.33,6.2,5.38,7.08,5.02,4.33,5.77
7.36,6.19,5.37,7.06,5.01,4.32,5.75
7.39,6.17,5.36,7.05,5.0,4.31,5.74
7.43,6.16,5.34,7.03,4.99,4.3,5.72
7.46,6.14,5.33,7.01,4.98,4.29,5.71
7.5,6.13,5.32,7.0,4.96,4.28,5.7
7.53,6.11,5.31,6.98,4.95,4.27,5.68
7.57,6.1,5.29,6.96,4.94,4.26,5.67
7.6,6.08,5.28,6.94,4.93,4.25,5.66
7.64,6.07,5.27,6.93,4.92,4.24,5.64
7.67,6.05,5.25,6.91,4.9,4.23,5.63
7.71,6.04,5.24,6.89,4.89,4.22,5.62
7.74,6.02,5.23,6.88,4.88,4.21,5.6
7.78,6.01,5.22,6.86,4.87,4.2,5.59
7.81,5.99,5.2,6.84,4.86,4.19,5.57
7.85,5.98,5.19,6.83,4.84,4.18,5.56
7.89,5.96,5.18,6.81,4.83,4.17,5.55
7.92,5.95,5.16,6.79,4.82,4.16,5.53
7.96,5.93,5.15,6.77,4.81,4.15,5.52
8.0,5.92,5.14,6.76,4.8,4.14,5.5
8.03,5.9,5.12,6.74,4.78,4.13,5.49
8.07,5.89,5.11,6.72,4.77,4.12,5.48
8.11,5.87,5.1,6.71,4.76,4.1,5.46
8.15,5.86,5.08,6.69,4.75,4.09,5.45
8.18,5.84,5.07,6.67,4.73,4.08,5.43
8.22,5.83,5.06,6.65,4.72,4.07,5.42
8.26,5.81,5.05,6.64,4.71,4.06,5.4
8.3,5.8,5.03,6.62,4.7,4.05,5.39
8.34,5.78,5.02,6.6,4.68,4.04,5.38
8.38,5.77,5.01,6.58,4.67,4.03,5.36
8.41,5.75,4.99,6.57,4.66,4.02,5.35
8.45,5.74,4.98,6.55,4.65,4.01,5.33
8.49,5.72,4.97,6.53,4.63,4.0,5.32
8.53,5.71,4.95,6.51,4.62,3.99,5.3
8.57,5.69,4.94,6.49,4.61,3.98,5.29
8.61,5.67,4.92,6.48,4.6,3.97,5.28
8.65,5.66,4.91,6.46,4.58,3.95,5.26
8.69,5.64,4.9,6.44,4.57,3.94,5.25
8.73,5.63,4.88,6.42,4.56,3.93,5.23
8.77,5.61,4.87,6.41,4.55,3.92,5.22
8.81,5.6,4.86,6.39,4.53,3.91,5.2
8.85,5.58,4.84,6.37,4.52,3.9,5.19
8.89,5.57,4.83,6.35,4.51,3.89,5.17
8.93,5.55,4.82,6.33,4.5,3.88,5.16
8.98,5.53,4.8,6.32,4.48,3.87,5.14
9.02,5.52,4.79,6.3,4.47,3.86,5.13
9.06,5.5,4.78,6.28,4.46,3.84,5.12
9.1,5.49,4.76,6.26,4.44,3.83,5.1
9.14,5.47,4.75,6.24,4.43,3.82,5.09
9.19,5.45,4.73,6.23,4.42,3.81,5.07
9.23,5.44,4.72,6.21,4.41,3.8,5.06
9.27,5.42,4.71,6.19,4.39,3.79,5.04
9.31,5.41,4.69,6.17,4.38,3.78,5.03
9.36,5.39,4.68,6.15,4.37,3.77,5.01
9.4,5.38,4.67,6.14,4.35,3.76,5.0
9.44,5.36,4.65,6.12,4.34,3.75,4.98
9.49,5.34,4.64,6.1,4.33,3.73,4.97
9.53,5.33,4.62,6.08,4.32,3.72,4.95
9.58,5.31,4.61,6.06,4.3,3.71,4.94
9.62,5.3,4.6,6.04,4.29,3.7,4.92
9.66,5.28,4.58,6.03,4.28,3.69,4.91
9.71,5.26,4.57,6.01,4.26,3.68,4.89
9.75,5.25,4.55,5.99,4.25,3.67,4.88
9.8,5.23,4.54,5.97,4.24,3.66,4.86
9.84,5.22,4.53,5.95,4.22,3.64,4.85
9.89,5.2,4.51,5.93,4.21,3.63,4.83
9.94,5.18,4.5,5.92,4.2,3.62,4.82
9.98,5.17,4.48,5.9,4.19,3.61,4.8
10.03,5.15,4.47,5.88,4.17,3.6,4.79
10.07,5.13,4.46,5.86,4.16,3.59,4.77
10.12,5.12,4.44,5.84,4.15,3.58,4.76
10.17,5.1,4.43,5.82,4.13,3.57,4.74
10.22,5.09,4.41,5.81,4.12,3.55,4.73
10.26,5.07,4.4,5.79,4.11,3.54,4.71
10.31,5.05,4.39,5.77,4.09,3.53,4.7
10.36,5.04,4.37,5.75,4.08,3.52,4.68
10.41,5.02,4.36,5.73,4.07,3.51,4.67
10.45,5.0,4.34,5.71,4.05,3.5,4.65
10.5,4.99,4.33,5.69,4.04,3.49,4.64
10.55,4.97,4.32,5.68,4.03,3.47,4.62
10.6,4.96,4.3,5.66,4.01,3.46,4.61
10.65,4.94,4.29,5.64,4.0,3.45,4.59
10.7,4.92,4.27,5.62,3.99,3.44,4.58
10.75,4.91,4.26,5.6,3.98,3.43,4.56
10.8,4.89,4.24,5.58,3.96,3.42,4.55
10.85,4.87,4.23,5.56,3.95,3.41,4.53
10.9,4.86,4.22,5.55,3.94,3.39,4.52
10.95,4.84,4.2,5.53,3.92,3.38,4.5
11.0,4.83,4.19,5.51,3.91,3.37,4.49
11.05,4.81,4.17,5.49,3.9,3.36,4.47
11.1,4.79,4.16,5.47,3.88,3.35,4.46
11.15,4.78,4.15,5.45,3.87,3.34,4.44
11.2,4.76,4.13,5.43,3.86,3.33,4.43
11.26,4.74,4.12,5.41,3.84,3.31,4.41
11.31,4.73,4.1,5.4,3.83,3.3,4.39
11.36,4.71,4.09,5.38,3.82,3.29,4.38
11.41,4.69,4.07,5.36,3.8,3.28,4.36
11.47,4.68,4.06,5.34,3.79,3.27,4.35
11.52,4.66,4.05,5.32,3.78,3.26,4.33
11.57,4.64,4.03,5.3,3.76,3.25,4.32
11.63,4.63,4.02,5.28,3.75,3.23,4.3
11.68,4.61,4.0,5.26,3.74,3.22,4.29
11.73,4.6,3.99,5.25,3.72,3.21,4.27
11.79,4.58,3.97,5.23,3.71,3.2,4.26
11.84,4.56,3.96,5.21,3.7,3.19,4.24
11.9,4.55,3.95,5.19,3.68,3.18,4.23
11.95,4.53,3.93,5.17,3.67,3.16,4.21
12.01,4.51,3.92,5.15,3.66,3.15,4.2
12.06,4.5,3.9,5.13,3.64,3.14,4.18
12.12,4.48,3.89,5.11,3.63,3.13,4.16
12.18,4.46,3.87,5.09,3.62,3.12,4.15
12.23,4.45,3.86,5.08,3.6,3.11,4.13
12.29,4.43,3.85,5.06,3.59,3.1,4.12
12.35,4.41,3.83,5.04,3.58,3.08,4.1
12.4,4.4,3.82,5.02,3.56,3.07,4.09
12.46,4.38,3.8,5.0,3.55,3.06,4.07
12.52,4.36,3.79,4.98,3.54,3.05,4.06
12.58,4.35,3.77,4.96,3.52,3.04,4.04
12.63,4.33,3.76,4.94,3.51,3.03,4.03
12.69,4.31,3.74,4.93,3.5,3.02,4.01
12.75,4.3,3.73,4.91,3.48,3.0,4.0
12.81,4.28,3.72,4.89,3.47,2.99,3.98
12.87,4.27,3.7,4.87,3.46,2.98,3.97
12.93,4.25,3.69,4.85,3.44,2.97,3.95
12.99,4.23,3.67,4.83,3.43,2.96,3.93
13.05,4.22,3.66,4.81,3.42,2.95,3.92
13.11,4.2,3.64,4.79,3.4,2.93,3.9
13.17,4.18,3.63,4.77,3.39,2.92,3.89
13.23,4.17,3.62,4.76,3.38,2.91,3.87
13.29,4.15,3.6,4.74,3.36,2.9,3.86
13.35,4.13,3.59,4.72,3.35,2.89,3.84
13.42,4.12,3.57,4.7,3.34,2.88,3.83
13.48,4.1,3.56,4.68,3.32,2.87,3.81
13.54,4.08,3.54,4.66,3.31,2.85,3.8
13.6,4.07,3.53,4.64,3.3,2.84,3.78
13.67,4.05,3.52,4.62,3.28,2.83,3.77
13.73,4.03,3.5,4.61,3.27,2.82,3.75
13.79,4.02,3.49,4.59,3.26,2.81,3.74
13.86,4.0,3.47,4.57,3.24,2.8,3.72
13.92,3.99,3.46,4.55,3.23,2.79,3.71
13.99,3.97,3.44,4.53,3.22,2.77,3.69
14.05,3.95,3.43,4.51,3.2,2.76,3.68
14.12,3.94,3.42,4.49,3.19,2.75,3.66
14.18,3.92,3.4,4.47,3.18,2.74,3.64
14.25,3.9,3.39,4.46,3.16,2.73,3.63
14.31,3.89,3.37,4.44,3.15,2.72,3.61
14.38,3.87,3.36,4.42,3.14,2.71,3.6
14.45,3.85,3.35,4.4,3.12,2.69,3.58
14.51,3.84,3.33,4.38,3.11,2.68,3.57
14.58,3.82,3.32,4.36,3.1,2.67,3.55
14.65,3.81,3.3,4.34,3.08,2.66,3.54
14.72,3.79,3.29,4.33,3.07,2.65,3.52
14.78,3.77,3.27,4.31,3.06,2.64,3.51
14.85,3.76,3.26,4.29,3.04,2.63,3.49
14.92,3.74,3.25,4.27,3.03,2.61,3.48
14.99,3.72,3.23,4.25,3.02,2.6,3.46
15.06,3.71,3.22,4.23,3.0,2.59,3.45
15.13,3.69,3.2,4.21,2.99,2.58,3.43
15.2,3.68,3.19,4.2,2.98,2.57,3.42
15.27,3.66,3.18,4.18,2.96,2.56,3.4
15.34,3.64,3.16,4.16,2.95,2.55,3.39
15.41,3.63,3.15,4.14,2.94,2.53,3.37
15.48,3.61,3.13,4.12,2.93,2.52,3.36
15.55,3.59,3.12,4.1,2.91,2.51,3.34
15.63,3.58,3.11,4.08,2.9,2.5,3.33
15.7,3.56,3.09,4.07,2.89,2.49,3.31
15.77,3.55,3.08,4.05,2.87,2.48,3.3
15.84,3.53,3.06,4.03,2.86,2.47,3.28
15.92,3.51,3.05,4.01,2.85,2.46,3.27
15.99,3.5,3.04,3.99,2.83,2.44,3.25
16.07,3.48,3.02,3.97,2.82,2.43,3.24
16.14,3.47,3.01,3.96,2.81,2.42,3.22
16.21,3.45,2.99,3.94,2.8,2.41,3.21
16.29,3.43,2.98,3.92,2.78,2.4,3.19
16.36,3.42,2.97,3.9,2.77,2.39,3.18
16.44,3.4,2.95,3.88,2.76,2.38,3.16
16.52,3.39,2.94,3.87,2.74,2.37,3.15
16.59,3.37,2.93,3.85,2.73,2.36,3.13
16.67,3.35,2.91,3.83,2.72,2.34,3.12
16.75,3.34,2.9,3.81,2.7,2.33,3.1
16.82,3.32,2.88,3.79,2.69,2.32,3.09
16.9,3.31,2.87,3.77,2.68,2.31,3.07
16.98,3.29,2.86,3.76,2.67,2.3,3.06
17.06,3.28,2.84,3.74,2.65,2.29,3.05
17.14,3.26,2.83,3.72,2.64,2.28,3.03
17.22,3.24,2.82,3.7,2.63,2.27,3.02
17.3,3.23,2.8,3.68,2.62,2.26,3.0
17.38,3.21,2.79,3.67,2.6,2.24,2.99
17.46,3.2,2.77,3.65,2.59,2.23,2.97
17.54,3.18,2.76,3.63,2.58,2.22,2.96
17.62,3.17,2.75,3.61,2.56,2.21,2.94
17.7,3.15,2.73,3.6,2.55,2.2,2.93
17.78,3.13,2.72,3.58,2.54,2.19,2.91
17.87,3.12,2.71,3.56,2.53,2.18,2.9
17.95,3.1,2.69,3.54,2.51,2.17,2.89
18.03,3.09,2.68,3.52,2.5,2.16,2.87
18.12,3.07,2.67,3.51,2.49,2.15,2.86
18.2,3.06,2.65,3.49,2.48,2.14,2.84
18.28,3.04,2.64,3.47,2.46,2.13,2.83
18.37,3.03,2.63,3.45,2.45,2.11,2.81
18.45,3.01,2.61,3.44,2.44,2.1,2.8
18.54,2.99,2.6,3.42,2.43,2.09,2.78
18.62,2.98,2.59,3.4,2.41,2.08,2.77
18.71,2.96,2.57,3.38,2.4,2.07,2.76
18.8,2.95,2.56,3.37,2.39,2.06,2.74
18.88,2.93,2.55,3.35,2.38,2.05,2.73
18.97,2.92,2.53,3.33,2.36,2.04,2.71
19.06,2.9,2.52,3.31,2.35,2.03,2.7
19.15,2.89,2.51,3.3,2.34,2.02,2.69
19.24,2.87,2.49,3.28,2.33,2.01,2.67
19.33,2.86,2.48,3.26,2.32,2.0,2.66
19.42,2.84,2.47,3.24,2.3,1.99,2.64
19.51,2.83,2.45,3.23,2.29,1.98,2.63
19.6,2.81,2.44,3.21,2.28,1.97,2.61
19.69,2.8,2.43,3.19,2.27,1.95,2.6
19.78,2.78,2.41,3.18,2.25,1.94,2.59
19.87,2.77,2.4,3.16,2.24,1.93,2.57
19.96,2.75,2.39,3.14,2.23,1.92,2.56
20.05,2.74,2.38,3.12,2.22,1.91,2.55
20.15,2.72,2.36,3.11,2.21,1.9,2.53
20.24,2.71,2.35,3.09,2.19,1.89,2.52
20.33,2.69,2.34,3.07,2.18,1.88,2.5
20.43,2.68,2.32,3.06,2.17,1.87,2.49
20.52,2.66,2.31,3.04,2.16,1.86,2.48
20.62,2.65,2.3,3.02,2.15,1.85,2.46
20.71,2.63,2.29,3.01,2.13,1.84,2.45
20.81,2.62,2.27,2.99,2.12,1.83,2.44
20.9,2.6,2.26,2.97,2.11,1.82,2.42
21.0,2.59,2.25,2.96,2.1,1.81,2.41
21.1,2.58,2.24,2.94,2.09,1.8,2.39
21.2,2.56,2.22,2.92,2.07,1.79,2.38
21.29,2.55,2.21,2.91,2.06,1.78,2.37
21.39,2.53,2.2,2.89,2.05,1.77,2.35
21.49,2.52,2.19,2.87,2.04,1.76,2.34
21.59,2.5,2.17,2.86,2.03,1.75,2.33
21.69,2.49,2.16,2.84,2.02,1.74,2.31
21.79,2.47,2.15,2.82,2.0,1.73,2.3
21.89,2.46,2.14,2.81,1.99,1.72,2.29
21.99,2.45,2.12,2.79,1.98,1.71,2.27
22.1,2.43,2.11,2.78,1.97,1.7,2.26
22.2,2.42,2.1,2.76,1.96,1.69,2.25
22.3,2.4,2.09,2.74,1.95,1.68,2.23
22.4,2.39,2.07,2.73,1.94,1.67,2.22
22.51,2.38,2.06,2.71,1.92,1.66,2.21
22.61,2.36,2.05,2.7,1.91,1.65,2.2
22.72,2.35,2.04,2.68,1.9,1.64,2.18
22.82,2.33,2.02,2.66,1.89,1.63,2.17
22.93,2.32,2.01,2.65,1.88,1.62,2.16
23.03,2.31,2.0,2.63,1.87,1.61,2.14
23.14,2.29,1.99,2.62,1.86,1.6,2.13
23.25,2.28,1.98,2.6,1.84,1.59,2.12
23.36,2.26,1.96,2.58,1.83,1.58,2.1
23.46,2.25,1.95,2.57,1.82,1.57,2.09
23.57,2.24,1.94,2.55,1.81,1.56,2.08
23.68,2.22,1.93,2.54,1.8,1.55,2.07
23.79,2.21,1.92,2.52,1.79,1.54,2.05
23.9,2.2,1.91,2.51,1.78,1.53,2.04
24.01,2.18,1.89,2.49,1.77,1.52,2.03
24.12,2.17,1.88,2.47,1.76,1.51,2.02
24.24,2.15,1.87,2.46,1.75,1.51,2.0
24.35,2.14,1.86,2.44,1.73,1.5,1.99
24.46,2.13,1.85,2.43,1.72,1.49,1.98
24.57,2.11,1.83,2.41,1.71,1.48,1.97
24.69,2.1,1.82,2.4,1.7,1.47,1.95
24.8,2.09,1.81,2.38,1.69,1.46,1.94
24.92,2.07,1.8,2.37,1.68,1.45,1.93
25.03,2.06,1.79,2.35,1.67,1.44,1.92
25.15,2.05,1.78,2.34,1.66,1.43,1.9
25.26,2.03,1.77,2.32,1.65,1.42,1.89
25.38,2.02,1.75,2.31,1.64,1.41,1.88
25.5,2.01,1.74,2.29,1.63,1.4,1.87
25.62,2.0,1.73,2.28,1.62,1.39,1.86
25.74,1.98,1.72,2.26,1.61,1.39,1.84
25.85,1.97,1.71,2.25,1.6,1.38,1.83
25.97,1.96,1.7,2.23,1.59,1.37,1.82
26.09,1.94,1.69,2.22,1.57,1.36,1.81
26.22,1.93,1.68,2.2,1.56,1.35,1.8
26.34,1.92,1.66,2.19,1.55,1.34,1.78
26.46,1.91,1.65,2.17,1.54,1.33,1.77
26.58,1.89,1.64,2.16,1.53,1.32,1.76
26.7,1.88,1.63,2.15,1.52,1.31,1.75
26.83,1.87,1.62,2.13,1.51,1.3,1.74
26.95,1.85,1.61,2.12,1.5,1.3,1.72
27.08,1.84,1.6,2.1,1.49,1.29,1.71
27.2,1.83,1.59,2.09,1.48,1.28,1.7
27.33,1.82,1.58,2.07,1.47,1.27,1.69
27.45,1.8,1.57,2.06,1.46,1.26,1.68
27.58,1.79,1.56,2.05,1.45,1.25,1.67
27.71,1.78,1.54,2.03,1.44,1.24,1.65
27.84,1.77,1.53,2.02,1.43,1.24,1.64
27.97,1.76,1.52,2.0,1.42,1.23,1.63
28.1,1.74,1.51,1.99,1.41,1.22,1.62
28.23,1.73,1.5,1.98,1.4,1.21,1.61
28.36,1.72,1.49,1.96,1.39,1.2,1.6
28.49,1.71,1.48,1.95,1.38,1.19,1.59
28.62,1.69,1.47,1.93,1.37,1.18,1.58
28.75,1.68,1.46,1.92,1.36,1.18,1.56
28.89,1.67,1.45,1.91,1.35,1.17,1.55
29.02,1.66,1.44,1.89,1.34,1.16,1.54
29.15,1.65,1.43,1.88,1.33,1.15,1.53
