desi_paper_data/Figure3_lae.ecsv
# %ECSV 1.0
# ---
# datatype:
# - {name: lambda, datatype: float32}
# - {name: RawFlux, datatype: float32}
# - {name: SmoothedFlux, datatype: float32}
# delimiter: ','
# schema: astropy-2.0
lambda,RawFlux,SmoothedFlux
[from data line 2154]
5323.2,0.1159058,0.18937036
5324.0,0.12663405,0.1797043
5324.8,0.046223048,0.17111152
5325.6,0.18436976,0.16412666
5326.4,0.19113125,0.1589225
5327.2,0.14697622,0.15534711
5328.0,0.09401974,0.15307657
5328.8,0.23981807,0.15176953
5329.6,0.13124086,0.15118973
5330.4,0.17043124,0.15124765
5331.2,0.10986625,0.15195414
5332.0,0.14415134,0.15335467
5332.8,0.06370121,0.1554173
5333.6,0.18693809,0.15799366
5334.4,0.24577007,0.16080922
5335.2,0.17281389,0.16351427
5336.0,0.09698132,0.16569404
5336.8,0.18644951,0.16696858
5337.6,0.15887445,0.16703324
5338.4,0.2400045,0.16572036
5339.2,0.19860688,0.16302599
5340.0,0.18081327,0.15912668
5340.8,0.1272696,0.15435912
5341.6,0.13734026,0.14916047
5342.4,0.09696749,0.14399907
5343.2,0.19650994,0.13932244
5344.0,0.044027954,0.13547084
5344.8,0.2076578,0.13266145
5345.6,0.16836242,0.13092487
5346.4,0.015156771,0.13012469
5347.2,-0.01646933,0.12995555
5348.0,0.31198332,0.13002041
5348.8,0.12034044,0.12992476
5349.6,0.18428817,0.12940224
5350.4,0.13200867,0.12840632
5351.2,0.116081536,0.12714954
5352.0,0.14064918,0.12605318
5352.8,0.029853832,0.12565443
5353.6,0.13882957,0.12645064
5354.4,0.16340883,0.12878342
5355.2,0.051206484,0.13273217
5356.0,0.13009089,0.13809365
5356.8,0.05083998,0.14440645
5357.6,0.2975548,0.15102449
5358.4,0.11223985,0.15721835
5359.2,0.1782043,0.16230112
5360.0,0.21846491,0.1657085
5360.8,0.235494,0.1670484
5361.6,0.10889854,0.16615072
5362.4,0.14643252,0.16307174
5363.2,0.23333578,0.15807606
5364.0,0.22108091,0.15163682
5364.8,0.11245606,0.14438091
5365.6,0.1493564,0.1369957
5366.4,0.055443376,0.13011098
5367.2,0.14178556,0.12415431
5368.0,0.045758054,0.11925941
5368.8,0.018066991,0.11522434
5369.6,0.21595381,0.11160486
5370.4,0.16621225,0.10787989
5371.2,0.122264884,0.10364011
5372.0,0.08726191,0.098777294
5372.8,0.16859259,0.093547836
5373.6,-0.006997,0.088559285
5374.4,0.13119327,0.08463597
5375.2,0.030212982,0.08260367
5376.0,0.014186833,0.083067715
5376.8,0.010745481,0.08619755
5377.6,0.12837176,0.091621205
5378.4,0.05901248,0.09841483
5379.2,0.007955283,0.10527602
5380.0,0.11721906,0.11083439
5380.8,0.36058098,0.11400673
5381.6,0.20798802,0.114363566
5382.4,0.19147937,0.11226417
5383.2,0.1101087,0.10880131
5384.0,0.009937388,0.105496496
5384.8,-0.07605429,0.103826806
5385.6,0.014693584,0.10478893
5386.4,0.062010363,0.10862236
5387.2,0.20374408,0.11476496
5388.0,0.08197818,0.12203734
5388.8,0.23175037,0.12900275
5389.6,0.11840508,0.13430919
5390.4,0.24414814,0.13699684
5391.2,0.1600605,0.13665487
5392.0,0.14226831,0.13343264
5392.8,0.208093,0.12795727
5393.6,-0.008222241,0.12119467
5394.4,0.18915987,0.11424939
5395.2,0.10274287,0.10820633
5396.0,0.022372257,0.103958346
5396.8,0.07045137,0.10207402
5397.6,0.08444828,0.10271551
5398.4,0.008557754,0.10560144
5399.2,0.13363905,0.11006337
5400.0,0.13048086,0.11516863
5400.8,0.12858433,0.11990243
5401.6,0.21305233,0.12337369
5402.4,0.13601711,0.12495417
5403.2,0.115946844,0.12439823
5404.0,0.28531978,0.12181236
5404.8,0.07536638,0.11758188
5405.6,-0.10946735,0.11223793
5406.4,0.22142857,0.10635774
5407.2,0.18490753,0.10048867
5408.0,0.030613882,0.095104665
5408.8,0.1290997,0.09061913
5409.6,0.026960902,0.087325744
5410.4,0.07695749,0.085376434
5411.2,0.014454547,0.08472446
5412.0,0.08783606,0.08509432
5412.8,0.057441562,0.086022004
5413.6,0.09692063,0.08697923
5414.4,0.23570165,0.08750072
5415.2,0.06868106,0.087324865
5416.0,0.040378,0.08644548
5416.8,0.13228452,0.08511058
5417.6,0.09285243,0.08370489
5418.4,-0.01586359,0.08267124
5419.2,0.060808092,0.08237137
5420.0,0.08664139,0.083069995
5420.8,0.09851123,0.084962666
5421.6,0.21101342,0.088172235
5422.4,-0.02856697,0.09278873
5423.2,-0.003783565,0.09882073
5424.0,0.16185851,0.10611985
5424.8,0.15808293,0.1143042
5425.6,0.032326937,0.122699514
5426.4,0.090931706,0.13040864
5427.2,0.13542372,0.13645244
5428.0,0.3598772,0.13999556
5428.8,0.13020685,0.14059152
5429.6,0.2941719,0.1383226
5430.4,0.023473756,0.13382727
5431.2,0.1949585,0.12817009
5432.0,0.038678896,0.12257023
5432.8,0.02109797,0.11810809
5433.6,0.1615378,0.11546967
5434.4,-0.029921873,0.11480783
5435.2,0.19680792,0.11576975
5436.0,0.09178907,0.117640086
5436.8,0.095508836,0.11958441
5437.6,0.24414451,0.120918974
5438.4,0.1540892,0.12128822
5439.2,0.13629107,0.12073159
5440.0,0.15079941,0.119617596
5440.8,0.029957315,0.11844548
5441.6,0.040630035,0.11764277
5442.4,0.11776869,0.117369585
5443.2,0.10229046,0.11742611
5444.0,0.1687776,0.11731421
5444.8,0.11072965,0.11637972
5445.6,0.19033001,0.11406401
5446.4,0.15358678,0.11004774
5447.2,0.04050861,0.10440036
5448.0,0.24694549,0.097586975
5448.8,0.06963454,0.090324126
5449.6,-0.04207702,0.08344205
5450.4,0.06778168,0.0776486
5451.2,0.028315838,0.073393494
5452.0,-0.014456339,0.0707993
5452.8,0.2513225,0.06965988
5453.6,-0.03155929,0.069580525
5454.4,0.05256711,0.07008433
5455.2,0.043612137,0.07074611
5456.0,0.23098637,0.07125634
5456.8,0.057627436,0.071452424
5457.6,-0.104541466,0.071276404
5458.4,0.21028051,0.07072297
5459.2,0.057708252,0.06978895
5460.0,-0.017785454,0.06845448
5460.8,0.17734466,0.06670479
5461.6,0.038536154,0.064568624
5462.4,0.087050274,0.062187944
5463.2,0.014242224,0.05980983
5464.0,0.06579143,0.057787985
5464.8,0.2058105,0.056504145
5465.6,-0.15007292,0.056249537
5466.4,0.022040607,0.05712734
5467.2,-0.0048819776,0.059039857
5468.0,0.1911539,0.061670177
5468.8,0.06896842,0.064643495
5469.6,0.04903527,0.067637384
5470.4,0.103073105,0.07054532
5471.2,0.072707824,0.07351287
5472.0,0.12982248,0.076917626
5472.8,0.008843614,0.081265815
5473.6,0.010905133,0.087012455
5474.4,0.050475966,0.09441164
5475.2,0.18385258,0.103423715
5476.0,0.026812712,0.113644354
5476.8,0.09432755,0.124367945
5477.6,0.21183158,0.13468578
5478.4,0.21264307,0.14362413
5479.2,0.042787213,0.15032616
5480.0,0.28189152,0.15417881
5480.8,0.17821681,0.15494634
5481.6,0.3274546,0.15275738
5482.4,0.103957206,0.14807731
5483.2,0.06184209,0.14156376
5484.0,0.04625415,0.13393377
5484.8,0.18862376,0.12584722
5485.6,0.15240306,0.1178525
5486.4,0.1386612,0.110406496
5487.2,0.046428952,0.103905484
5488.0,0.14605443,0.09870173
5488.8,0.043630235,0.09508182
5489.6,-0.042100556,0.09319093
5490.4,0.16674852,0.09297639
5491.2,0.0948027,0.09416072
5492.0,0.009228772,0.096291214
5492.8,0.07448099,0.098817825
5493.6,0.30509266,0.10118806
5494.4,0.13083124,0.102975525
5495.2,-0.0049732556,0.103893735
5496.0,0.0018569363,0.10383011
5496.8,0.15602794,0.102837324
5497.6,0.24141842,0.10113774
5498.4,0.16516258,0.09909796
5499.2,0.010077405,0.09717219
5500.0,0.026849605,0.095805414
5500.8,0.002095056,0.09530927
5501.6,0.20020942,0.09574617
5502.4,0.029143253,0.09687901
5503.2,0.12221678,0.09820355
5504.0,0.03657345,0.09909372
5504.8,0.17308326,0.09899431
5505.6,0.26780352,0.09757889
5506.4,0.018182835,0.09487801
5507.2,0.078484856,0.09124185
5508.0,0.17901352,0.087237
5508.8,-0.008900785,0.083464794
5509.6,-0.06417151,0.08042987
5510.4,0.016133863,0.07847181
5511.2,0.2377391,0.07779991
5512.0,0.17183042,0.078579895
5512.8,0.079675704,0.08096145
5513.6,-0.043928977,0.08505261
5514.4,0.011938879,0.09081248
5515.2,0.038502846,0.09791798
5516.0,0.03269551,0.10573772
5516.8,0.22572297,0.11342623
5517.6,0.2944162,0.12015442
5518.4,0.029323747,0.12536776
5519.2,0.25372574,0.12898956
5520.0,0.21951042,0.13141388
5520.8,0.02997775,0.13335112
5521.6,-0.042949274,0.1355438
5522.4,0.14074197,0.13848658
5523.2,0.20436157,0.14225642
5524.0,0.063528374,0.14650585
5524.8,0.23395807,0.15065104
5525.6,0.19816004,0.15408704
5526.4,0.18904364,0.15643336
5527.2,0.2248551,0.15763037
5528.0,0.17209926,0.15792957
5528.8,0.002725025,0.15775605
5529.6,0.18536444,0.15750639
5530.4,0.16240665,0.15738147
5531.2,0.09315476,0.15730195
5532.0,0.27815887,0.15695572
5532.8,0.065882094,0.15586886
5533.6,0.2256396,0.15363936
5534.4,0.2255392,0.15004298
5535.2,0.09681014,0.14517003
5536.0,0.23982139,0.13945359
5536.8,0.011671996,0.13361222
5537.6,0.24463066,0.12851015
5538.4,-0.032077376,0.12494384
5539.2,0.16170107,0.12347154
5540.0,0.05682069,0.12422585
5540.8,0.025032818,0.12687057
5541.6,0.11118553,0.13064975
5542.4,0.19315635,0.13460223
5543.2,0.30601987,0.13778993
5544.0,0.05988475,0.13957967
5544.8,0.30636585,0.13980512
5545.6,-0.010317088,0.13879582
5546.4,0.2527859,0.13726443
5547.2,0.07722286,0.136054
5548.0,0.040866416,0.13589601
5548.8,0.101296365,0.13717711
5549.6,0.07857019,0.1398371
5550.4,0.22386964,0.14340167
5551.2,0.118340015,0.14710432
5552.0,0.22130947,0.15012474
5552.8,0.16577393,0.15174207
5553.6,0.26898146,0.15155475
5554.4,-0.024109583,0.14952312
5555.2,0.24234599,0.14598331
5556.0,0.27720305,0.14156626
5556.8,0.0919632,0.13705331
5557.6,0.004542286,0.13321061
5558.4,0.07302635,0.13061151
5559.2,0.11868067,0.12952754
5560.0,0.15962252,0.12985976
5560.8,0.17052567,0.13117447
5561.6,0.07818096,0.13279648
5562.4,0.15400302,0.13393427
5563.2,0.11353917,0.13388503
5564.0,0.1268206,0.13220322
5564.8,0.35935798,0.12875949
5565.6,0.0857454,0.12389309
5566.4,0.11698276,0.118312486
5567.2,0.066133805,0.11286525
5568.0,0.038840637,0.10839905
5568.8,0.04086831,0.10547374
5569.6,0.056691892,0.10427264
5570.4,0.077599995,0.10454156
5571.2,0.27766943,0.105661504
5572.0,0.056599926,0.10680812
5572.8,0.17187785,0.10713087
5573.6,-0.07761768,0.10593081
5574.4,0.23764841,0.1028675
5575.2,0.026995165,0.09811506
5576.0,0.14569601,0.09244535
5576.8,0.91443306,0.08712938
5577.6,-0.62809366,0.08367086
5578.4,-0.53857446,0.08341036
5579.2,0.47888082,0.087155275
5580.0,0.0027640068,0.0949083
5580.8,0.17471696,0.10592275
5581.6,0.083077505,0.11891427
5582.4,0.2044802,0.13240191
5583.2,0.24777886,0.14503238
5584.0,0.08450753,0.15576261
5584.8,0.07876275,0.16391735
5585.6,0.2909333,0.16916052
5586.4,0.2585797,0.17140128
5587.2,0.23842542,0.17075485
5588.0,0.05443402,0.16746335
5588.8,0.24590781,0.16187134
5589.6,0.16882393,0.15438665
5590.4,0.10236983,0.14547
5591.2,0.07607687,0.1357103
5592.0,0.27741766,0.12572756
5592.8,0.10801101,0.116299115
5593.6,0.09852629,0.10826723
5594.4,0.08763572,0.10237324
5595.2,-0.08129632,0.09914473
5596.0,0.0071532666,0.098702766
5596.8,0.10001166,0.10074571
5597.6,0.18686882,0.10461206
5598.4,0.17602341,0.10945721
5599.2,0.07955655,0.11449486
5600.0,0.07209253,0.11917834
5600.8,0.28054023,0.123265274
5601.6,0.062718704,0.12679449
5602.4,0.15211341,0.12994999
5603.2,0.009453435,0.13291867
5604.0,0.14151302,0.13573214
5604.8,0.084473476,0.13824214
5605.6,0.42997408,0.14012347
5606.4,0.020140147,0.14096959
5607.2,-0.023399876,0.1403768
5608.0,0.30229038,0.13807361
5608.8,0.19820265,0.13398872
5609.6,0.16258559,0.1282836
5610.4,0.12155834,0.121387765
5611.2,0.006730129,0.11392884
5612.0,0.12106569,0.10666928
5612.8,0.21304172,0.10036292
5613.6,0.060426608,0.09562966
5614.4,-0.086961955,0.09284973
5615.2,0.007292672,0.09209007
5616.0,0.23449048,0.09311588
5616.8,0.028200993,0.0955054
5617.6,0.13767077,0.09874049
5618.4,0.1662812,0.10235935
5619.2,0.13440794,0.10601761
5620.0,-0.027385494,0.10952859
5620.8,0.094620794,0.112783305
5621.6,0.23079962,0.11574353
5622.4,0.061650284,0.11842056
5623.2,0.2050555,0.1208268
5624.0,0.0460091,0.12299247
5624.8,0.19200796,0.12494909
5625.6,0.09271686,0.12669447
5626.4,0.0032627475,0.12820372
5627.2,0.2785845,0.12940748
5628.0,0.13453394,0.13022383
5628.8,0.040501475,0.13057919
5629.6,0.27374995,0.13045871
5630.4,0.15453592,0.1299243
5631.2,-0.020785777,0.12908065
5632.0,0.043286655,0.12811626
5632.8,0.2952761,0.12725411
5633.6,0.21713066,0.12678093
5634.4,0.03621426,0.12699398
5635.2,0.08477697,0.12814926
5636.0,0.04288229,0.13037808
5636.8,0.117592126,0.13357711
5637.6,0.25143605,0.13738908
5638.4,0.055194568,0.14119604
5639.2,0.16005154,0.14429146
5640.0,0.1125239,0.1460159
5640.8,0.32170004,0.1459629
5641.6,0.20276892,0.14411509
5642.4,0.104654916,0.14084873
5643.2,0.17226703,0.13682681
5644.0,-0.035725452,0.13281254
5644.8,0.24829222,0.12941204
5645.6,-0.03509735,0.12690118
5646.4,0.09493258,0.12515484
5647.2,0.23056206,0.12372068
5648.0,0.12421707,0.1219717
5648.8,0.14430788,0.119301446
5649.6,0.15439,0.11529144
5650.4,0.26801878,0.10975033
5651.2,-0.10104012,0.10270459
5652.0,0.094152644,0.09432046
5652.8,0.08565532,0.084836595
5653.6,0.15528296,0.07459125
5654.4,0.08105712,0.0640419
5655.2,0.1188825,0.05382138
5656.0,0.02691691,0.04470051
5656.8,-0.038782023,0.03749349
5657.6,-0.10780309,0.032910064
5658.4,0.0035241873,0.031359892
5659.2,0.02164844,0.032892067
5660.0,0.03597318,0.03716661
5660.8,0.07680333,0.04356805
5661.6,0.023739235,0.051335633
5662.4,0.0930962,0.059713203
5663.2,-0.003606732,0.06805856
5664.0,0.1252491,0.07589552
5664.8,0.16493127,0.082943976
5665.6,0.04506573,0.08908203
5666.4,0.082066156,0.094353415
5667.2,0.12831189,0.09888912
5668.0,0.14219025,0.102860704
5668.8,0.08930568,0.10639107
5669.6,0.0028148103,0.10952703
5670.4,0.17901836,0.112203136
5671.2,0.14786297,0.11429158
5672.0,0.059682038,0.11563982
5672.8,0.19524588,0.116124704
5673.6,0.2587288,0.11569795
5674.4,-0.010474417,0.11438428
5675.2,-0.022494221,0.112295546
5676.0,0.1222377,0.109632686
5676.8,0.23315395,0.10673331
5677.6,0.2576481,0.1040235
5678.4,0.076077856,0.10198352
5679.2,-0.04240503,0.1010093
5680.0,-0.11689094,0.101258926
5680.8,0.12482097,0.10253638
5681.6,0.17030658,0.104307145
5682.4,0.28764302,0.10584554
5683.2,0.04788802,0.106462546
5684.0,0.099352926,0.10574753
5684.8,0.2110339,0.103715636
5685.6,0.023541393,0.1007964
5686.4,0.1376956,0.09765681
5687.2,0.10198328,0.09501696
5688.0,0.034237474,0.093408905
5688.8,-0.17894605,0.093035854
5689.6,0.23533453,0.09379834
5690.4,0.24819036,0.09540348
5691.2,0.122994594,0.09753612
5692.0,-0.020371884,0.100003004
5692.8,0.1474941,0.10280757
5693.6,0.092757456,0.10610786
5694.4,0.055350084,0.110082515
5695.2,0.16377828,0.114762045
5696.0,0.08906204,0.11991955
5696.8,0.05351293,0.12503043
5697.6,0.03303526,0.12934479
5698.4,0.38465297,0.13212349
5699.2,0.10652602,0.13284884
5700.0,0.20333023,0.13144372
5700.8,0.26208848,0.12834287
5701.6,0.0564707,0.124402784
5702.4,-0.013041726,0.12067609
5703.2,0.02902895,0.11810602
5704.0,0.17665498,0.11729703
5704.8,0.05630275,0.11837222
5705.6,0.06913806,0.120986596
5706.4,0.15977634,0.12450769
5707.2,0.32877353,0.12822565
5708.0,-0.03599953,0.13154256
5708.8,0.12412293,0.13411431
5709.6,0.27046728,0.13587984
5710.4,0.07786297,0.13696414
5711.2,0.25037006,0.13759382
5712.0,-0.051841214,0.1379331
5712.8,0.1344336,0.13802439
5713.6,0.16591834,0.13772824
5714.4,0.17469217,0.13681412
5715.2,0.19235982,0.13508207
5716.0,0.19968246,0.13244273
5716.8,0.045035686,0.12901163
5717.6,0.20015447,0.12508932
5718.4,-0.011223137,0.121104114
5719.2,0.15942185,0.11749462
5720.0,0.18329026,0.11461132
5720.8,0.003244096,0.1126818
5721.6,0.044004798,0.11178532
5722.4,0.3010864,0.11187137
5723.2,-0.033838402,0.112844236
5724.0,0.10853628,0.11461409
5724.8,0.10868279,0.117114194
5725.6,0.22001591,0.12035304
5726.4,0.17432745,0.124350294
5727.2,-0.083779156,0.1291027
5728.0,0.15844826,0.13453065
5728.8,0.13190226,0.14044529
5729.6,0.22551107,0.14658675
5730.4,0.13620014,0.15267777
5731.2,0.15754338,0.15846914
5732.0,0.2919139,0.1638043
5732.8,0.02220054,0.16856751
5733.6,0.1820732,0.1726645
5734.4,0.17003067,0.17594832
5735.2,0.18899393,0.17818001
5736.0,0.22179024,0.17902347
5736.8,0.32280305,0.1781023
5737.6,0.08581942,0.17501983
5738.4,0.072849005,0.169474
5739.2,0.2721563,0.16133441
5740.0,0.19346887,0.15075098
5740.8,0.27609318,0.13825166
5741.6,0.09677344,0.12472201
5742.4,0.07116875,0.11134194
5743.2,0.12708668,0.09930942
5744.0,-0.06057621,0.08955885
5744.8,-0.010678988,0.082492754
5745.6,-0.031179242,0.07789362
5746.4,0.052407566,0.07500013
5747.2,0.18064897,0.07278673
5748.0,0.35562387,0.070305236
5748.8,0.081807494,0.066945925
5749.6,-0.065984264,0.06255988
5750.4,-0.11569693,0.05741515
5751.2,0.030935973,0.05204787
5752.0,0.234967,0.047105
5752.8,0.051228944,0.04325034
5753.6,0.08599969,0.041142464
5754.4,-0.18377583,0.041358616
5755.2,-0.003467969,0.044401478
5756.0,0.11858608,0.05056261
5756.8,0.07662781,0.059860535
