desi_paper_data/Figure3_lbg.ecsv
# %ECSV 1.0
# ---
# datatype:
# - {name: lambda, datatype: float32}
# - {name: RawFlux, datatype: float32}
# - {name: SmoothedFlux, datatype: float32}
# delimiter: ','
# schema: astropy-2.0
lambda,RawFlux,SmoothedFlux
[from data line 541]
4032.8,-0.13717236,0.11636919
4033.6,0.28376964,0.116829574
4034.4,-0.0832364,0.114728235
4035.2,0.18817233,0.11098539
4036.0,-0.12980238,0.106449634
4036.8,0.40073678,0.10171072
4037.6,0.12225415,0.0970549
4038.4,0.05787155,0.09242307
4039.2,-0.047149792,0.08748545
4040.0,0.122032136,0.08164423
4040.8,-0.11554455,0.07427054
4041.6,0.174167,0.06490579
4042.4,0.4499625,0.053545035
4043.2,0.07309994,0.040882196
4044.0,-0.15157713,0.02827059
4044.8,0.18847497,0.017416904
4045.6,-0.33978915,0.009904761
4046.4,-0.28185135,0.0066449754
4047.2,0.15015611,0.007540302
4048.0,-0.2039162,0.011579575
4048.8,0.1903254,0.017161349
4049.6,0.28251576,0.02274999
4050.4,0.100329116,0.027316483
4051.2,0.0692918,0.030590463
4052.0,0.042581156,0.032936808
4052.8,-0.31880295,0.03490697
4053.6,-0.0073233894,0.036779914
4054.4,-0.01589192,0.038365103
4055.2,0.23815982,0.03895814
4056.0,0.10910541,0.03776814
4056.8,0.18240584,0.034280296
4057.6,0.19001889,0.028550012
4058.4,-0.07919446,0.021179043
4059.2,-0.14387368,0.013109295
4060.0,-0.13912378,0.0051899003
4060.8,0.0046860413,-0.0020900473
4061.6,-0.1506579,-0.008671991
4062.4,0.2372339,-0.014847698
4063.2,0.43985483,-0.02086784
4064.0,-0.5469006,-0.026778124
4064.8,-0.067107186,-0.032270715
4065.6,0.15369956,-0.03679532
4066.4,-0.3100569,-0.03976177
4067.2,0.29479197,-0.040847283
4068.0,-0.31380558,-0.040100083
4068.8,-0.14822721,-0.037995577
4069.6,-0.20042726,-0.035257585
4070.4,0.37932855,-0.03261897
4071.2,0.13675348,-0.030518536
4072.0,-0.13123372,-0.029002722
4072.8,-0.18735747,-0.027716719
4073.6,-0.114244565,-0.026143959
4074.4,0.21308854,-0.02395775
4075.2,-0.3383885,-0.021328285
4076.0,0.14532554,-0.019150794
4076.8,-0.14404015,-0.018947637
4077.6,0.04025689,-0.022529189
4078.4,-0.012201448,-0.031549152
4079.2,0.36929843,-0.04683435
4080.0,0.06992839,-0.06804036
4080.8,-0.054749012,-0.09346594
4081.6,-0.18924123,-0.12026339
4082.4,-0.34240508,-0.14503518
4083.2,-0.5039335,-0.16445835
4084.0,0.05609528,-0.17597081
4084.8,-0.39826268,-0.17822427
4085.6,-0.36514354,-0.17131267
4086.4,-0.23937005,-0.15663807
4087.2,-0.27306744,-0.13656655
4088.0,0.12757881,-0.113955714
4088.8,0.11679065,-0.09164165
4089.6,-0.20542964,-0.07207328
4090.4,0.0060902317,-0.056961555
4091.2,-0.0031318723,-0.04727779
4092.0,0.32588774,-0.043163497
4092.8,-0.4532671,-0.044084094
4093.6,0.00836009,-0.048947476
4094.4,0.26205117,-0.056191158
4095.2,0.041775808,-0.064021125
4096.0,-0.37036994,-0.070631094
4096.8,-0.2452031,-0.074480966
4097.6,-0.08794544,-0.07455188
4098.4,-0.10927059,-0.070506945
4099.2,-0.076929,-0.06273396
4100.0,-0.030193053,-0.052210502
4100.8,-0.011755756,-0.04028796
4101.6,-0.02676525,-0.028438857
4102.4,-0.12536916,-0.017973095
4103.2,0.32821956,-0.009869025
4104.0,-0.28160837,-0.004624903
4104.8,0.10074109,-0.0021381802
4105.6,0.4999134,-0.0016748009
4106.4,-0.5505483,-0.0019459599
4107.2,0.034054134,-0.001314547
4108.0,0.1645283,0.0019356823
4108.8,0.0074666115,0.009193898
4109.6,-0.25697762,0.02111524
4110.4,-0.05287252,0.037373893
4111.2,-0.27464223,0.056645963
4112.0,0.19449851,0.07683884
4112.8,0.52173924,0.09548487
4113.6,0.403867,0.11017249
4114.4,-0.023435472,0.11888171
4115.2,-0.025606425,0.120082416
4116.0,0.12175109,0.112812206
4116.8,0.24181302,0.096661344
4117.6,0.0784911,0.07196195
4118.4,0.490506,0.03997886
4119.2,0.11163845,0.0031410842
4120.0,0.028425235,-0.03502941
4120.8,-0.36204344,-0.07040627
4121.6,-0.35051563,-0.09894984
4122.4,-0.3659797,-0.11761975
4123.2,-0.2502968,-0.12507796
4124.0,-0.3269162,-0.121997364
4124.8,-0.17390068,-0.11085649
4125.6,0.07714449,-0.09534233
4126.4,0.006711231,-0.07947267
4127.2,0.2728998,-0.0667383
4128.0,-0.3086909,-0.059441086
4128.8,0.04430102,-0.058291685
4129.6,0.22037393,-0.062401682
4130.4,0.043003384,-0.06967734
4131.2,-0.08438487,-0.07741952
4132.0,-0.37621734,-0.083116926
4132.8,-0.54721284,-0.08509895
4133.6,-0.080258794,-0.08298195
4134.4,0.036735725,-0.07762058
4135.2,0.089617096,-0.07078906
4136.0,0.09115291,-0.06457966
4136.8,0.038453054,-0.060829103
4137.6,-0.22174142,-0.06073615
4138.4,-0.101070225,-0.064737566
4139.2,0.035220023,-0.07252813
4140.0,0.19566704,-0.0832851
4140.8,-0.29715225,-0.095818944
4141.6,-0.28319275,-0.1087347
4142.4,0.13121215,-0.120531105
4143.2,-0.24166451,-0.12970163
4144.0,-0.25929993,-0.13480234
4144.8,-0.10631386,-0.13472423
4145.6,-0.13333991,-0.12879659
4146.4,-0.4228565,-0.11694753
4147.2,-0.17343858,-0.09973882
4148.0,-0.013614113,-0.07822709
4148.8,-0.07754277,-0.053806156
4149.6,0.14781305,-0.02787147
4150.4,0.1589851,-0.0016077581
4151.2,-0.30546334,0.024203429
4152.0,0.14205745,0.04913394
4152.8,-0.019300632,0.072997816
4153.6,0.42519873,0.09563134
4154.4,0.009533057,0.11666913
4155.2,0.20562145,0.13538069
4156.0,-0.49133623,0.1507192
4156.8,0.65838146,0.1614441
4157.6,0.5027462,0.16643216
4158.4,0.2902316,0.16508467
4159.2,0.069545805,0.15765929
4160.0,-0.07130401,0.1453877
4160.8,0.4512392,0.13034852
4161.6,0.16754189,0.115115665
4162.4,0.19653009,0.10210681
4163.2,-0.46171996,0.09305583
4164.0,-0.20399496,0.08855081
4164.8,0.090565816,0.08793894
4165.6,0.28329557,0.08961287
4166.4,0.47068602,0.09157661
4167.2,0.17550959,0.092001274
4168.0,-0.26695678,0.08972902
4168.8,0.2985135,0.084379286
4169.6,0.1646895,0.076267414
4170.4,-0.0028073997,0.066056654
4171.2,-0.13111576,0.054579854
4172.0,0.11783891,0.04256186
4172.8,0.11191332,0.030712932
4173.6,-0.054399036,0.019751389
4174.4,0.40162364,0.0104887225
4175.2,-0.4066842,0.0036992563
4176.0,-0.05677802,-9.157632e-05
4176.8,0.04728621,-0.0008748051
4177.6,-0.33026868,0.00068719935
4178.4,-0.017997552,0.0034082457
4179.2,0.2875225,0.0058485013
4180.0,0.24695191,0.00677731
4180.8,0.0918477,0.0056021223
4181.6,-0.031180294,0.0025150615
4182.4,-0.2449122,-0.0015736418
4183.2,-0.1966666,-0.005209018
4184.0,0.31906313,-0.0068118526
4184.8,-0.12894809,-0.0049282913
4185.6,0.113847986,0.0014834037
4186.4,-0.35749668,0.012891301
4187.2,0.11503664,0.02908606
4188.0,-0.24588722,0.049107198
4188.8,0.24704178,0.071323
4189.6,0.16798875,0.09357755
4190.4,0.038755305,0.11346174
4191.2,0.44760478,0.12861502
4192.0,0.2501141,0.1369891
4192.8,-0.20469333,0.13718775
4193.6,0.25972915,0.12872611
4194.4,0.59188265,0.11224092
4195.2,0.174222,0.089571744
4196.0,0.22091511,0.06367637
4196.8,-0.31987643,0.038239285
4197.6,-0.095946066,0.017033363
4198.4,-0.073881626,0.003263229
4199.2,-0.42586818,-0.0010639725
4200.0,-0.048860833,0.0045604124
4200.8,0.2924864,0.019124448
4201.6,-0.24267273,0.040386938
4202.4,0.16042212,0.065342136
4203.2,0.017965056,0.090742
4204.0,0.25482252,0.11359286
4204.8,0.22147036,0.13159221
4205.6,0.1870689,0.14351833
4206.4,0.32539177,0.14932804
4207.2,0.5167372,0.15014021
4208.0,-0.029897086,0.14789295
4208.8,-0.26519847,0.14487079
4209.6,0.21854459,0.14305137
4210.4,0.16979997,0.1436402
4211.2,-0.04124269,0.1467441
4212.0,0.23849274,0.1513915
4212.8,0.09896444,0.15578888
4213.6,0.46926442,0.15780325
4214.4,-0.15513991,0.1555619
4215.2,0.36507058,0.1480153
4216.0,0.41710097,0.13525794
4216.8,0.39306146,0.11873022
4217.6,-0.11123062,0.100953385
4218.4,-0.01899677,0.08499273
4219.2,-0.36660802,0.073765256
4220.0,0.25810823,0.069331415
4220.8,-0.18886767,0.07243163
4221.6,0.0075754593,0.082409106
4222.4,0.105096646,0.097405046
4223.2,0.087134495,0.11489441
4224.0,0.34251133,0.1323584
4224.8,0.34545326,0.14775938
4225.6,0.09753439,0.15985166
4226.4,0.14187354,0.1682657
4227.2,0.07543559,0.17331402
4228.0,0.4556326,0.17569949
4228.8,0.13152993,0.17614251
4229.6,-0.093871675,0.17518277
4230.4,0.31884745,0.17301096
4231.2,0.10765835,0.1695342
4232.0,0.28664213,0.1645217
4232.8,0.29210162,0.15785639
4233.6,-0.070332564,0.14971295
4234.4,0.30330312,0.14062709
4235.2,0.43907017,0.13130261
4236.0,-0.2137312,0.12244105
4236.8,-0.19468738,0.114395246
4237.6,0.1520729,0.10702326
4238.4,0.2348934,0.09972398
4239.2,0.12922284,0.09167828
4240.0,0.31767976,0.082171455
4240.8,0.08858688,0.07088093
4241.6,-0.011461326,0.057991974
4242.4,-0.020121206,0.044098765
4243.2,-0.08087597,0.029960081
4244.0,0.024761437,0.016354024
4244.8,0.1350967,0.003981212
4245.6,-0.23421851,-0.0064952853
4246.4,0.15334465,-0.014330542
4247.2,0.2312131,-0.018663343
4248.0,-0.36540845,-0.018635098
4248.8,-0.13991883,-0.0135471085
4249.6,-0.2050608,-0.0031565835
4250.4,0.0119513115,0.012140997
4251.2,0.047946446,0.03132634
4252.0,0.21156181,0.052887246
4252.8,0.22751407,0.07498206
4253.6,-0.19057386,0.09566407
4254.4,0.1187846,0.11307992
4255.2,0.3080457,0.12563987
4256.0,0.037999302,0.13228202
4256.8,0.46446627,0.13265023
4257.6,0.279956,0.12729618
4258.4,0.205843,0.11759712
4259.2,0.034669735,0.105489016
4260.0,-0.05162803,0.092960864
4260.8,-0.30273318,0.0815931
4261.6,0.10480588,0.07215844
4262.4,0.24538073,0.06455642
4263.2,0.1995678,0.05807769
4264.0,-0.03953604,0.051768903
4264.8,0.11371532,0.044831537
4265.6,-0.011226631,0.036892317
4266.4,0.057401642,0.028156778
4267.2,0.062798165,0.019320974
4268.0,-0.1508502,0.011350658
4268.8,0.2932292,0.0053824987
4269.6,-0.27007344,0.002383592
4270.4,-0.036321186,0.002979043
4271.2,-0.105353035,0.007380843
4272.0,-0.10141918,0.015383644
4272.8,0.0021563657,0.026490713
4273.6,0.4123039,0.04004364
4274.4,0.13003466,0.055367418
4275.2,-0.20783104,0.07178242
4276.0,-0.2738682,0.088600725
4276.8,0.28965503,0.10503767
4277.6,0.45881084,0.12023384
4278.4,-0.029527726,0.13330479
4279.2,0.23624259,0.14347878
4280.0,0.5474099,0.15013327
4280.8,-0.5169617,0.1529161
4281.6,0.2723118,0.15172084
4282.4,0.46293402,0.14668822
4283.2,0.4095233,0.1383095
4284.0,-0.055297777,0.12729068
4284.8,-0.06856191,0.11461001
4285.6,0.22477335,0.1013265
4286.4,0.058265813,0.08846781
4287.2,-0.0128852585,0.07691288
4288.0,-0.00781832,0.06736047
4288.8,0.20625243,0.060380504
4289.6,0.042523332,0.056447063
4290.4,0.015262663,0.05592957
4291.2,-0.071223415,0.05901721
4292.0,0.18861003,0.065516055
4292.8,-0.32414192,0.07468876
4293.6,0.10857852,0.08524927
4294.4,0.35975167,0.09553509
4295.2,-0.06278811,0.10373711
4296.0,0.5500566,0.10833849
4296.8,0.050614856,0.10834882
4297.6,0.114048526,0.1034175
4298.4,-0.036951963,0.09382857
4299.2,0.10328623,0.08036716
4300.0,0.3376817,0.0641322
4300.8,-0.120740645,0.046416003
4301.6,0.05471746,0.028567547
4302.4,0.10971131,0.011847034
4303.2,-0.16860142,-0.0026408879
4304.0,-0.18002407,-0.014119184
4304.8,-0.092172235,-0.022166047
4305.6,0.18733348,-0.02672474
4306.4,-0.083965965,-0.027994908
4307.2,-0.16550879,-0.026289692
4308.0,0.009289068,-0.021864928
4308.8,-0.0688909,-0.0148102
4309.6,0.18984197,-0.005054159
4310.4,-0.20117296,0.0076333038
4311.2,-0.057933766,0.023424014
4312.0,0.26301536,0.042295787
4312.8,-0.28792822,0.06388213
4313.6,-0.030400462,0.08738578
4314.4,0.46770123,0.1116211
4315.2,0.03351698,0.1351452
4316.0,0.2184185,0.15647177
4316.8,0.11031647,0.174328
4317.6,0.28899717,0.18779577
4318.4,0.4429064,0.1964253
4319.2,0.068592384,0.20019321
4320.0,0.3552729,0.19936456
4320.8,0.1819758,0.19426225
4321.6,0.05976099,0.18512407
4322.4,0.07191142,0.17208953
4323.2,0.28404602,0.15528235
4324.0,0.45896968,0.13511992
4324.8,0.08452944,0.11243532
4325.6,0.15265284,0.088658854
4326.4,0.028102417,0.06566166
4327.2,-0.27453053,0.045348052
4328.0,0.068801045,0.029297162
4328.8,-0.22255923,0.018449048
4329.6,0.08053654,0.012910758
4330.4,0.08956481,0.012148058
4331.2,-0.04676235,0.015266937
4332.0,-0.06310494,0.021406429
4332.8,0.11636899,0.03001725
4333.6,0.17148936,0.040943272
4334.4,-0.047388244,0.054314185
4335.2,0.03829225,0.07021868
4336.0,-0.28665385,0.08835064
4336.8,0.43307602,0.10776292
4337.6,-0.07754609,0.12680292
4338.4,-0.018566787,0.14337017
4339.2,0.57506424,0.15531763
4340.0,0.50806344,0.1610488
4340.8,0.018767929,0.15988755
4341.6,0.2167029,0.15227883
4342.4,0.19733518,0.13964619
4343.2,0.14369349,0.12402255
4344.0,0.023945866,0.1075281
4344.8,-0.033349864,0.09197519
4345.6,-0.11385613,0.07861265
4346.4,0.15515263,0.06812781
4347.2,0.18461552,0.06080763
4348.0,0.15421878,0.056809872
4348.8,-0.11493334,0.05626574
4349.6,0.044826828,0.059307095
4350.4,-0.113561206,0.065930426
4351.2,0.11841407,0.075983234
4352.0,-0.12525491,0.089013375
4352.8,0.26633656,0.10446181
4353.6,0.15796597,0.12182872
4354.4,0.41549167,0.1408453
4355.2,-0.1495866,0.16143475
4356.0,0.3510692,0.18357635
4356.8,-0.10591923,0.20701759
4357.6,0.036672305,0.23098513
4358.4,0.4208409,0.25413334
4359.2,0.6654736,0.27474415
4360.0,0.025021585,0.29113922
4360.8,0.35334313,0.30204368
4361.6,0.7344325,0.30694795
4362.4,0.56632173,0.3060483
4363.2,-0.18116592,0.30012852
4364.0,0.23023012,0.29015607
4364.8,0.22663982,0.2769846
4365.6,0.5333841,0.2613101
4366.4,0.14900489,0.24374065
4367.2,0.46228164,0.22505426
4368.0,0.33020067,0.20633768
4368.8,-0.16451916,0.18890323
4369.6,0.23253661,0.17394766
4370.4,0.20617126,0.1621313
4371.2,-0.14341968,0.15317684
4372.0,-0.38649064,0.14584269
4372.8,0.6964155,0.13820966
4373.6,0.29258093,0.12821585
4374.4,0.8063286,0.11428778
4375.2,-0.4787272,0.09573592
4376.0,-0.0055106203,0.0728368
4376.8,0.19658189,0.04662503
4377.6,-0.08158959,0.018529292
4378.4,0.013828134,-0.009811472
4379.2,0.07001099,-0.036642767
4380.0,-0.2550587,-0.059985604
4380.8,0.0676639,-0.07760567
4381.6,-0.17016977,-0.08703325
4382.4,-0.030279135,-0.08594914
4383.2,-0.4327434,-0.0728142
4384.0,-0.5833522,-0.047387958
4384.8,-0.23413059,-0.011228538
4385.6,0.36798355,0.032316357
4386.4,-0.078390166,0.07850544
4387.2,0.46735692,0.12203834
4388.0,0.3965551,0.15784538
4388.8,0.14230928,0.1819655
4389.6,0.38500568,0.19206236
4390.4,0.42626724,0.18784016
4391.2,0.22643426,0.17097276
4392.0,0.3191082,0.14480302
4392.8,0.4195883,0.11377571
4393.6,-0.15770394,0.082671165
4394.4,-0.48529646,0.0557429
4395.2,-0.07318103,0.03607799
4396.0,-0.35174584,0.025268713
4396.8,0.28664148,0.023538413
4397.6,0.27437368,0.030139778
4398.4,0.1842096,0.04383966
4399.2,-0.29152867,0.063236944
4400.0,-0.2302459,0.086771734
4400.8,0.30925748,0.11254227
4401.6,0.11524744,0.13822532
4402.4,-0.04662201,0.16113894
4403.2,0.35054034,0.17869349
4404.0,0.5953888,0.18900461
4404.8,0.6449758,0.19154672
4405.6,0.0989943,0.18737113
4406.4,-0.04595672,0.17899886
4407.2,0.11265147,0.16982903
4408.0,0.013326554,0.16328755
4408.8,0.16608244,0.16203025
4409.6,0.024669185,0.16732056
4410.4,0.019417625,0.17878552
4411.2,0.0396493,0.1945891
4412.0,0.41190335,0.21185634
4412.8,0.24878617,0.22744153
4413.6,0.36294913,0.23861079
4414.4,0.48053974,0.24367848
4415.2,0.38341072,0.24228509
4416.0,0.5770815,0.2352499
4416.8,-0.3441161,0.22418809
4417.6,0.15222965,0.2109713
4418.4,0.17485048,0.19718166
4419.2,0.27106625,0.1838957
4420.0,0.2577028,0.17164056
4420.8,0.122310296,0.16060016
4421.6,0.40272093,0.15082656
4422.4,-0.20533265,0.14233086
4423.2,0.011259923,0.13507701
4424.0,0.3899236,0.12886968
4424.8,-0.06704667,0.12336941
4425.6,0.15545547,0.11815565
4426.4,0.051933814,0.11296106
4427.2,0.23458216,0.10790356
4428.0,0.44015145,0.103569455
4428.8,0.03019477,0.10090107
4429.6,-0.29442924,0.10082941
4430.4,0.0287032,0.10389676
4431.2,-0.1864643,0.10993085
4432.0,0.21837857,0.11810139
4432.8,0.47299194,0.12712781
4433.6,0.34162766,0.13571423
4434.4,0.07880748,0.14287081
4435.2,0.0062326686,0.14807822
4436.0,0.1148326,0.15127622
4436.8,-0.10071458,0.15268329
4437.6,0.3673199,0.15275401
4438.4,0.5354177,0.15210925
4439.2,0.029121697,0.15150249
4440.0,0.1128831,0.15180655
4440.8,-0.09188338,0.15374115
4441.6,0.089021124,0.1576813
4442.4,0.19831802,0.1634057
4443.2,0.10049004,0.1700368
4444.0,0.26003256,0.17627783
4444.8,0.31166083,0.18079986
4445.6,0.14517738,0.18275657
4446.4,0.35511026,0.18208905
4447.2,0.30290306,0.1796691
4448.0,0.18503046,0.17707984
4448.8,0.012765582,0.17617385
4449.6,-0.19256623,0.17853086
4450.4,0.18511844,0.18506533
4451.2,0.2404093,0.19574504
4452.0,0.1679223,0.20962822
4452.8,0.59099114,0.2250934
4453.6,-0.026267702,0.24008603
4454.4,0.106994495,0.25250152
4455.2,0.37149158,0.26048627
4456.0,0.41288325,0.26274616
4456.8,0.7497258,0.25883836
4457.6,-0.11134061,0.2492998
4458.4,0.550717,0.23567225
