desi_paper_data/Figure28xmm.ecsv
# %ECSV 1.0
# ---
# datatype:
# - {name: col0, datatype: float64}
# - {name: col1, datatype: float64}
# - {name: col2, datatype: float64}
# - {name: col3, datatype: float64}
# - {name: col4, datatype: float64}
# - {name: col5, datatype: float64}
# - {name: col6, datatype: float64}
# - {name: col7, datatype: float64}
# - {name: col8, datatype: float64}
# - {name: col9, datatype: float64}
# - {name: col10, datatype: float64}
# - {name: col11, datatype: float64}
# - {name: col12, datatype: float64}
# - {name: col13, datatype: float64}
# - {name: col14, datatype: float64}
# delimiter: ','
# schema: astropy-2.0
col0,col1,col2,col3,col4,col5,col6,col7,col8,col9,col10,col11,col12,col13,col14
-1.1102230246251565e-16,0.11706915477774722,0.11756630080391801,0.0747720326647633,0.050560481463050595,0.07938842520022359,0.10683696384732823,0.021626627872861844,0.03144228266304391,0.07001147217583148,0.01822991929107328,-0.046013827939719906,-0.007057223154356524,-0.05155999590000192,-0.013819220388448556
0.11706915477774721,2.220446049250313e-16,0.09884671621679568,0.08402018464513522,0.09848316537213095,0.07763412422772129,0.1280546728046792,0.10237976266802498,0.10202652251946083,0.04861723698685041,0.06902639132082351,0.023569825104234065,0.05890442831739469,0.001274158360674538,0.0009439607082798226
0.11756630080391801,0.0988467162167957,0.0,0.1530181878227016,0.12338039734247119,0.12285001477092013,0.11245959945223413,0.044252426167932214,0.04216368487845952,0.0281544216849446,0.05012178273501887,0.06912312243531649,-0.013294771458109865,0.04292868906033118,0.017628974746111647
0.0747720326647633,0.08402018464513523,0.15301818782270157,2.220446049250313e-16,0.19755653351747288,0.16948737592034854,0.18738278367218456,0.12573972214770987,0.12012270221073738,0.06134068910757883,0.043558190505580185,0.0036860332931554023,0.025621025964027204,-0.03692596093761188,0.0018453817681762248
0.050560481463050595,0.09848316537213096,0.1233803973424712,0.19755653351747285,0.0,0.22336772215273806,0.15296290020756823,0.10886073518447899,0.15470492045064738,0.08767193747819509,0.06749467611792792,0.02299729165483091,0.027416552711547523,-0.0003192204889736866,-0.010513600514971294
0.0793884252002236,0.0776341242277213,0.12285001477092013,0.16948737592034857,0.22336772215273804,0.0,0.24244899917917098,0.20425162954121254,0.17243645552387393,0.13213009754387928,0.0852996058166103,0.03559687234482024,0.010072020260004607,0.03324170480026554,-0.04485161465199406
0.10683696384732823,0.1280546728046792,0.11245959945223413,0.18738278367218456,0.15296290020756823,0.24244899917917095,-2.220446049250313e-16,0.3145094470999915,0.2883238442436195,0.19689732869816723,0.1329272236255559,0.06416864746219435,0.018253794053531953,-0.013369801247952371,-0.019393035888396696
0.021626627872861844,0.10237976266802498,0.044252426167932214,0.12573972214770987,0.10886073518447897,0.2042516295412125,0.3145094470999915,-1.1102230246251565e-16,0.33133882155031763,0.2711609924423769,0.15438057540332686,0.10599351297716864,0.04478196409984659,0.029150449756465937,-0.005720278231507031
0.031442282663043906,0.10202652251946083,0.04216368487845952,0.12012270221073738,0.15470492045064738,0.17243645552387393,0.2883238442436195,0.3313388215503177,0.0,0.3339702587068851,0.25153361834298277,0.12493311330185239,0.12288235953335427,0.0020583613054451465,0.0007617019311220343
0.07001147217583148,0.0486172369868504,0.0281544216849446,0.06134068910757883,0.08767193747819509,0.13213009754387925,0.19689732869816723,0.2711609924423769,0.33397025870688507,-1.1102230246251565e-16,0.38525534664762456,0.23773907885427192,0.1422442726722725,0.023612433511090363,-0.01626744550300389
0.01822991929107328,0.06902639132082351,0.05012178273501886,0.04355819050558018,0.06749467611792792,0.0852996058166103,0.13292722362555592,0.15438057540332684,0.2515336183429827,0.38525534664762456,0.0,0.41718720718794033,0.2675249309767255,0.08967403921978484,0.011848889473603887
-0.046013827939719906,0.023569825104234065,0.06912312243531649,0.0036860332931554023,0.02299729165483091,0.03559687234482024,0.06416864746219435,0.10599351297716864,0.12493311330185239,0.2377390788542719,0.41718720718794033,0.0,0.42317887916868296,0.21025502987596884,0.06030432208148939
-0.007057223154356524,0.05890442831739469,-0.013294771458109865,0.025621025964027204,0.027416552711547523,0.010072020260004607,0.018253794053531957,0.04478196409984659,0.12288235953335427,0.1422442726722725,0.2675249309767255,0.42317887916868296,0.0,0.34596921169207756,0.051570637256047706
-0.05155999590000192,0.001274158360674538,0.04292868906033118,-0.03692596093761188,-0.0003192204889736866,0.033241704800265545,-0.013369801247952373,0.029150449756465937,0.002058361305445147,0.023612433511090367,0.08967403921978484,0.21025502987596886,0.3459692116920775,-2.220446049250313e-16,0.3106834771401556
-0.013819220388448558,0.0009439607082798226,0.017628974746111647,0.001845381768176225,-0.010513600514971294,-0.04485161465199406,-0.019393035888396696,-0.005720278231507031,0.0007617019311220343,-0.01626744550300389,0.011848889473603885,0.06030432208148939,0.051570637256047706,0.3106834771401556,0.0
