desi_paper_data/Figure3_lbg.ecsv
# %ECSV 1.0
# ---
# datatype:
# - {name: lambda, datatype: float32}
# - {name: RawFlux, datatype: float32}
# - {name: SmoothedFlux, datatype: float32}
# delimiter: ','
# schema: astropy-2.0
lambda,RawFlux,SmoothedFlux
[from data line 3274]
6219.2,0.19370863,0.19427843
6220.0,0.22277005,0.201114
6220.8,0.24127302,0.20630054
6221.6,0.31363225,0.20928039
6222.4,0.17300399,0.20991705
6223.2,0.32074115,0.20846386
6224.0,0.10549255,0.20548786
6224.8,0.26859692,0.20172161
6225.6,0.099610955,0.19788107
6226.4,0.191536,0.19457509
6227.2,0.18983506,0.19225045
6228.0,0.21705538,0.19115646
6228.8,0.15778609,0.19142136
6229.6,0.16893901,0.1930857
6230.4,0.18778078,0.19612755
6231.2,0.26537174,0.20044336
6232.0,0.11333216,0.20579046
6232.8,0.21053562,0.21174353
6233.6,0.15361935,0.21768095
6234.4,0.20612776,0.22286056
6235.2,0.39530414,0.2265398
6236.0,0.27306932,0.22814599
6236.8,0.15247688,0.22739951
6237.6,0.4466347,0.22438335
6238.4,0.15684818,0.21948956
6239.2,-0.0018580938,0.21334864
6240.0,0.33770385,0.20667563
6240.8,0.15842947,0.2001952
6241.6,0.32828584,0.19455388
6242.4,0.10926536,0.19026633
6243.2,0.13442202,0.18765448
6244.0,0.114156626,0.18676311
6244.8,0.15961003,0.18731503
6245.6,0.19529781,0.1887283
6246.4,0.15983023,0.19019504
6247.2,0.2846225,0.19087018
6248.0,0.27006447,0.19008105
6248.8,0.20805906,0.18749121
6249.6,0.22965519,0.18318509
6250.4,0.1458294,0.17762211
6251.2,0.07772034,0.17153725
6252.0,0.19872753,0.16579464
6252.8,0.16931285,0.16120005
6253.6,0.1758219,0.15838547
6254.4,0.12282491,0.15770419
6255.2,0.010208704,0.15911765
6256.0,0.19261424,0.1622073
6256.8,0.15037417,0.1661921
6257.6,0.111916766,0.17006691
6258.4,0.28607735,0.17279267
6259.2,0.37025225,0.17349696
6260.0,0.10990347,0.17165498
6260.8,0.11482139,0.16718307
6261.6,0.17797412,0.16044989
6262.4,0.23702867,0.15221377
6263.2,0.11970234,0.14348494
6264.0,0.17374267,0.13536356
6264.8,0.11437092,0.12884723
6265.6,-0.065898895,0.12464618
6266.4,0.046388213,0.1230761
6267.2,0.17739874,0.12401351
6268.0,0.12163062,0.12697427
6268.8,0.14048533,0.13126893
6269.6,0.21977778,0.1361693
6270.4,0.11105651,0.14108194
6271.2,0.16210982,0.14559212
6272.0,0.08983355,0.14948116
6272.8,0.13335855,0.15269297
6273.6,0.2668868,0.1552782
6274.4,0.13457093,0.15735525
6275.2,0.16629334,0.1591239
6276.0,0.14073932,0.1608487
6276.8,0.118589796,0.16285317
6277.6,0.22786619,0.16547218
6278.4,0.15341446,0.16900638
6279.2,0.133943,0.17364585
6280.0,0.1446408,0.17940746
6280.8,0.13935694,0.18611677
6281.6,0.24332027,0.19342802
6282.4,0.15006532,0.20087253
6283.2,0.30286643,0.20796148
6284.0,0.232555,0.21427017
6284.8,0.19080369,0.21948515
6285.6,0.25983596,0.22341262
6286.4,0.2524043,0.22591628
6287.2,0.1684648,0.22689079
6288.0,0.24713957,0.22620063
6288.8,0.2314718,0.22373694
6289.6,0.27490145,0.21947458
6290.4,0.27030325,0.21356778
6291.2,0.24237134,0.20644175
6292.0,0.19537386,0.19879006
6292.8,0.15885627,0.19151618
6293.6,0.07821928,0.18561885
6294.4,0.1853858,0.18202394
6295.2,0.1897116,0.18143217
6296.0,0.18011421,0.18421711
6296.8,0.07155662,0.1903278
6297.6,0.102151096,0.1993114
6298.4,0.25491488,0.21039043
6299.2,0.16259623,0.22257923
6300.0,0.49542052,0.23486534
6300.8,0.096620895,0.24635386
6301.6,0.3030876,0.2563734
6302.4,0.3475022,0.26448226
6303.2,0.15364131,0.27045608
6304.0,0.37115172,0.27419153
6304.8,0.31378752,0.27566382
6305.6,0.22998235,0.2748545
6306.4,0.35000163,0.2717823
6307.2,0.30539495,0.26650712
6308.0,0.14305897,0.259172
6308.8,0.36814082,0.25005895
6309.6,0.35173815,0.23957986
6310.4,0.08838791,0.22822405
6311.2,0.27119106,0.21652725
6312.0,0.19061679,0.20498255
6312.8,0.11367493,0.19402091
6313.6,0.07582918,0.18398258
6314.4,0.40335765,0.17518571
6315.2,0.11448478,0.16791679
6316.0,0.2055163,0.16250303
6316.8,-0.051426996,0.15923685
6317.6,0.20813891,0.15826942
6318.4,0.013479353,0.1595577
6319.2,0.27497524,0.1627539
6320.0,0.27748564,0.1672275
6320.8,-0.02034317,0.17215122
6321.6,0.05920359,0.17663509
6322.4,0.46787238,0.17989759
6323.2,0.199993,0.18143997
6324.0,0.27763477,0.1811243
6324.8,0.05988901,0.17917928
6325.6,0.12863006,0.17613468
6326.4,0.20396595,0.1726918
6327.2,0.28373137,0.16956016
6328.0,0.011907314,0.16733563
6328.8,0.11012063,0.1664279
6329.6,0.2886876,0.1669937
6330.4,0.04668182,0.1689643
6331.2,0.21350664,0.17205979
6332.0,0.14035094,0.17588264
6332.8,0.16520408,0.17996721
6333.6,0.23737328,0.18390332
6334.4,0.23499918,0.18741323
6335.2,0.18537332,0.19037393
6336.0,0.17388365,0.19284533
6336.8,0.18271641,0.19500417
6337.6,0.29122445,0.19703624
6338.4,0.040510707,0.19906895
6339.2,0.21287379,0.20109677
6340.0,0.22914852,0.20301327
6340.8,0.25564593,0.2046651
6341.6,0.20324402,0.20593219
6342.4,0.25658756,0.20679319
6343.2,0.18390316,0.20734532
6344.0,0.17357263,0.20775919
6344.8,0.21586679,0.20816806
6345.6,0.20725833,0.2086287
6346.4,0.09713291,0.20905843
6347.2,0.3043082,0.20930451
6348.0,0.22421184,0.20922022
6348.8,0.31448123,0.2087632
6349.6,0.13967581,0.20803137
6350.4,0.19721287,0.20722668
6351.2,0.22768669,0.20653471
6352.0,0.12100417,0.20601062
6352.8,0.1330645,0.20549582
6353.6,0.2940401,0.20460446
6354.4,0.19711594,0.20293616
6355.2,0.28319955,0.20023082
6356.0,0.25214046,0.19658652
6356.8,0.24146108,0.19255394
6357.6,0.10202558,0.18907697
6358.4,0.20326729,0.18729433
6359.2,0.04401062,0.18821515
6360.0,0.14336656,0.19239865
6360.8,0.12989189,0.19970948
6361.6,0.193598,0.20925726
6362.4,0.22531532,0.21951535
6363.2,0.2984468,0.22864316
6364.0,0.19437821,0.23491584
6364.8,0.22932218,0.2371527
6365.6,0.9195169,0.23502879
6366.4,-0.046526965,0.22914012
6367.2,0.11886959,0.22082442
6368.0,0.08529965,0.21179189
6368.8,0.2182813,0.20367174
6369.6,0.20144384,0.1976388
6370.4,0.08106147,0.1942253
6371.2,0.19685201,0.19332486
6372.0,0.20510036,0.1943691
6372.8,0.2207096,0.19657867
6373.6,0.25428304,0.1991771
6374.4,0.17092824,0.20156111
6375.2,0.23841918,0.20336348
6376.0,0.13399607,0.2044255
6376.8,0.28923655,0.2047756
6377.6,0.17453176,0.20454882
6378.4,0.19072077,0.20392756
6379.2,0.26758394,0.20310014
6380.0,0.20120163,0.20223369
6380.8,0.08925453,0.20137236
6381.6,0.24685214,0.20048703
6382.4,0.17295878,0.19944909
6383.2,0.26915836,0.1980898
6384.0,0.17454426,0.19626167
6384.8,0.22377527,0.19388734
6385.6,0.21818368,0.19101903
6386.4,0.1756625,0.18781309
6387.2,0.090596735,0.1844882
6388.0,0.32361,0.18126369
6388.8,0.040821597,0.17830746
6389.6,0.2006903,0.17570673
6390.4,0.21591772,0.17347102
6391.2,0.117399655,0.17156829
6392.0,0.2562623,0.16993192
6392.8,0.09316936,0.1684944
6393.6,0.17207637,0.16718514
6394.4,0.18208967,0.16591856
6395.2,0.14979286,0.16457921
6396.0,0.13297217,0.16304281
6396.8,0.26117283,0.1611822
6397.6,0.11273284,0.15891509
6398.4,0.13051195,0.1562389
6399.2,0.181604,0.15328018
6400.0,0.19677728,0.15030997
6400.8,0.10892278,0.14771584
6401.6,0.19231193,0.14593959
6402.4,0.06650127,0.14538467
6403.2,0.075492255,0.1462829
6404.0,0.1639697,0.14860687
6404.8,0.1368248,0.15201607
6405.6,0.1492729,0.15587512
6406.4,0.15322042,0.15936711
6407.2,0.22897685,0.16164109
6408.0,0.18704969,0.16201992
6408.8,0.16877158,0.1601618
6409.6,0.24052843,0.15616728
6410.4,0.22341518,0.15058848
6411.2,0.13038397,0.14433211
6412.0,0.018905355,0.13843793
6412.8,0.09236357,0.13386202
6413.6,0.091076545,0.1312602
6414.4,0.15172589,0.13085887
6415.2,0.03634335,0.13242914
6416.0,0.19911487,0.13537134
6416.8,0.14045484,0.13886356
6417.6,0.14187124,0.1420414
6418.4,0.18491982,0.14415452
6419.2,0.16739012,0.14467831
6420.0,0.15958104,0.14336859
6420.8,0.19551304,0.14025621
6421.6,0.17705598,0.1355872
6422.4,0.065010406,0.12975079
6423.2,0.030777123,0.12321973
6424.0,0.1972208,0.11647926
6424.8,0.17227437,0.110020705
6425.6,0.105795994,0.10430883
6426.4,0.0248106,0.099763565
6427.2,0.027347326,0.096719824
6428.0,0.12604427,0.09538047
6428.8,0.038478985,0.09579951
6429.6,0.08192622,0.09787152
6430.4,0.15685374,0.10137824
6431.2,0.108840935,0.10601018
6432.0,0.079609886,0.11141498
6432.8,0.058133572,0.117211126
6433.6,0.19436407,0.12298922
6434.4,0.110190846,0.12835969
6435.2,0.036345433,0.13298917
6436.0,0.335861,0.13667072
6436.8,0.13908026,0.13938168
6437.6,0.14065832,0.14131142
6438.4,0.07296444,0.14281428
6439.2,0.15984155,0.144316
6440.0,0.1530706,0.14620683
6440.8,0.089112416,0.14876585
6441.6,0.1251087,0.15211615
6442.4,0.18489648,0.1562552
6443.2,0.23145546,0.16108161
6444.0,0.11899793,0.16645186
6444.8,0.14074565,0.17219786
6445.6,0.23178096,0.17812347
6446.4,0.04623803,0.1839938
6447.2,0.23401353,0.18953905
6448.0,0.32256883,0.19447097
6448.8,0.23994866,0.19849475
6449.6,0.07812936,0.20135126
6450.4,0.20908876,0.20284185
6451.2,0.2400941,0.20284067
6452.0,0.27164102,0.20133431
6452.8,0.17942403,0.19846544
6453.6,0.2614799,0.19454353
6454.4,0.15884532,0.19003709
6455.2,0.18415855,0.18551807
6456.0,0.14487883,0.18156713
6456.8,0.14955427,0.17866795
6457.6,0.14207466,0.1771311
6458.4,0.18771236,0.17706934
6459.2,0.1328171,0.17841478
6460.0,0.20578209,0.18101107
6460.8,0.24653296,0.18464501
6461.6,0.10177365,0.18910778
6462.4,0.23820305,0.19416691
6463.2,0.16202252,0.19950579
6464.0,0.23151384,0.20467868
6464.8,0.08436893,0.20910406
6465.6,0.3018207,0.21212552
6466.4,0.29594472,0.21315646
6467.2,0.23796815,0.21185228
6468.0,0.27691785,0.20823248
6468.8,0.2676292,0.20271896
6469.6,0.17233925,0.19604367
6470.4,0.057068266,0.18903846
6471.2,0.23639418,0.18241712
6472.0,0.040473774,0.17659885
6472.8,0.20074867,0.17166695
6473.6,0.20776924,0.16744743
6474.4,0.19211043,0.16369255
6475.2,0.21933387,0.16027638
6476.0,0.10328729,0.15730956
6476.8,0.18399528,0.15514223
6477.6,0.15749463,0.1542058
6478.4,0.07810022,0.15482002
6479.2,-0.0068873963,0.15696251
6480.0,0.24052101,0.16020547
6480.8,0.12398947,0.16375513
6481.6,0.17128085,0.16667026
6482.4,0.32560197,0.16815226
6483.2,0.28134677,0.16779748
6484.0,0.19755028,0.16571984
6484.8,0.05832047,0.16250987
6485.6,0.06988485,0.15903498
6486.4,0.1790518,0.15616505
6487.2,0.15297735,0.15454838
6488.0,0.086051814,0.1544884
6488.8,0.14238778,0.15589797
6489.6,0.20080337,0.1584227
6490.4,0.12759711,0.16156706
6491.2,0.24805847,0.16481338
6492.0,0.14176033,0.16770996
6492.8,0.15881395,0.16990292
6493.6,0.15837611,0.17113128
6494.4,0.19312225,0.17123915
6495.2,0.20791641,0.17018075
6496.0,0.19502555,0.16806139
6496.8,0.10675911,0.1651692
6497.6,0.27909535,0.16196327
6498.4,0.15905826,0.15901165
6499.2,0.11737615,0.15688106
6500.0,-0.10188228,0.15599577
6500.8,0.34740072,0.15652157
6501.6,0.1492849,0.15830837
6502.4,0.036901023,0.16092753
6503.2,0.26130697,0.16378632
6504.0,0.17575723,0.16630055
6504.8,0.14419086,0.16803993
6505.6,0.23423077,0.16886611
6506.4,0.27474162,0.16893022
6507.2,0.110037185,0.16860719
6508.0,0.104293644,0.16833533
6508.8,0.1125124,0.16844298
6509.6,0.12855494,0.1690247
6510.4,0.20975044,0.16991475
6511.2,0.1684224,0.17077383
6512.0,0.24038316,0.17122886
6512.8,0.24401961,0.1710146
6513.6,0.16515459,0.17006171
6514.4,0.09759094,0.16847819
6515.2,0.15227416,0.16650543
6516.0,0.11801808,0.16439876
6516.8,0.25042278,0.16237022
6517.6,0.13749088,0.16059488
6518.4,0.17518839,0.159209
6519.2,0.14634156,0.15833706
6520.0,0.13584606,0.15808134
6520.8,0.16149294,0.1584759
6521.6,0.15112469,0.15941726
6522.4,0.12970445,0.16063835
6523.2,0.049041968,0.16172811
6524.0,0.2987486,0.16222997
6524.8,0.22925343,0.16179295
6525.6,0.19628797,0.16030365
6526.4,0.1403857,0.15798044
6527.2,0.16214797,0.15535273
6528.0,0.078269005,0.153155
6528.8,0.18805592,0.15215142
6529.6,0.10439173,0.15295814
6530.4,0.07775966,0.15587248
6531.2,0.12992322,0.16082272
6532.0,0.19253363,0.16736484
6532.8,0.16518335,0.17479706
6533.6,0.1755814,0.18231037
6534.4,0.22587292,0.18913792
6535.2,0.28177443,0.19469103
6536.0,0.2390068,0.19860207
6536.8,0.15297793,0.20072912
6537.6,0.16395968,0.20109794
6538.4,0.19133478,0.19985572
6539.2,0.28460237,0.19721034
6540.0,0.2547491,0.19340782
6540.8,0.18303014,0.18874626
6541.6,0.07997052,0.1835711
6542.4,0.21103436,0.17828205
6543.2,0.15534663,0.17331181
6544.0,0.2221485,0.16911766
6544.8,0.19234996,0.16613133
6545.6,0.07485321,0.16471317
6546.4,0.13110909,0.16509114
6547.2,0.06100093,0.16731583
6548.0,0.23659243,0.17124382
6548.8,0.21232566,0.17653325
6549.6,0.18408419,0.18268548
6550.4,0.15894231,0.18907194
6551.2,0.14137955,0.19498295
6552.0,0.28680682,0.19970748
6552.8,0.15279545,0.2026208
6553.6,0.26864597,0.20333265
6554.4,0.24241571,0.20179722
6555.2,0.41780674,0.1984071
6556.0,0.081561744,0.19397035
6556.8,0.10409058,0.1895922
6557.6,0.1280177,0.18644914
6558.4,0.19257969,0.18554088
6559.2,0.14378944,0.18749489
6560.0,0.1123796,0.19243358
6560.8,0.2304084,0.19997638
6561.6,0.13367333,0.20932421
6562.4,0.23636219,0.21942575
6563.2,0.3078443,0.22915465
6564.0,0.25180387,0.23747706
6564.8,0.3197038,0.2436072
6565.6,0.19897363,0.24705671
6566.4,0.32796964,0.24767996
6567.2,0.26043713,0.24562553
6568.0,0.2551594,0.24130863
6568.8,0.24560861,0.23529738
6569.6,0.21166575,0.2282653
6570.4,0.29901722,0.22086534
6571.2,0.097209536,0.21368347
6572.0,0.17764017,0.20716392
6572.8,0.23695722,0.20158601
6573.6,0.18321612,0.19704825
6574.4,0.20349689,0.19349033
6575.2,0.16832699,0.19075115
6576.0,0.22502095,0.18859571
6576.8,0.024484653,0.18680473
6577.6,0.30553553,0.18523085
6578.4,0.26361033,0.18384321
6579.2,0.20250379,0.18275282
6580.0,0.036255363,0.18216752
6580.8,0.24584693,0.18233275
6581.6,0.10361831,0.18341593
6582.4,0.19225162,0.1854287
6583.2,0.18970345,0.18818922
6584.0,0.21398753,0.19133018
6584.8,0.15188628,0.19437389
6585.6,0.23460688,0.1967996
6586.4,0.26314873,0.19814625
6587.2,0.14806634,0.19806892
6588.0,0.27718496,0.19638555
6588.8,0.178542,0.19307819
6589.6,0.17060307,0.18831617
6590.4,0.21057267,0.18244126
6591.2,0.21523015,0.17594497
6592.0,0.17765933,0.16945039
6592.8,0.11656073,0.16360405
6593.6,0.14540018,0.15896443
6594.4,0.14687659,0.15587066
6595.2,0.06596285,0.15436405
6596.0,0.106310755,0.15413605
6596.8,0.13223277,0.1546382
6597.6,0.2393263,0.15524998
6598.4,0.27479145,0.15548134
6599.2,0.2044617,0.1551353
6600.0,0.03178151,0.15436
6600.8,0.21127783,0.15357463
6601.6,0.04226269,0.15330255
6602.4,0.18122385,0.15400572
6603.2,0.12742946,0.15591672
6604.0,0.10782636,0.15900327
6604.8,0.19124606,0.16299783
6605.6,0.2462163,0.16749403
6606.4,0.127072,0.1720686
6607.2,0.098832816,0.17637074
6608.0,0.27536133,0.18018247
6608.8,0.26120088,0.18339978
6609.6,0.15087764,0.18598415
6610.4,0.15151088,0.18788444
6611.2,0.090326875,0.18900059
6612.0,0.22600839,0.1891708
6612.8,0.29933757,0.18822953
6613.6,0.25276116,0.1860965
6614.4,0.13502796,0.1828462
6615.2,0.21630368,0.17874159
6616.0,0.12621616,0.17417417
6616.8,0.14440241,0.16958708
6617.6,0.1631861,0.1653628
6618.4,0.13608496,0.16176319
6619.2,0.19374987,0.1589101
6620.0,0.12550564,0.15681906
6620.8,0.17635714,0.15545367
6621.6,0.12625492,0.15476629
6622.4,0.22070235,0.15473469
6623.2,0.04238724,0.15534537
6624.0,0.18141983,0.15657745
6624.8,0.18968925,0.15841156
6625.6,0.12785822,0.16080871
6626.4,0.1357485,0.16374221
6627.2,0.23166075,0.16720198
6628.0,0.16219412,0.17116056
6628.8,0.17032804,0.17554964
6629.6,0.12637782,0.18020493
6630.4,0.12017346,0.18482198
6631.2,0.25464347,0.1889693
6632.0,0.2601194,0.19215587
6632.8,0.16683228,0.1939246
6633.6,0.25100958,0.19400218
6634.4,0.19531047,0.19240785
6635.2,0.22099575,0.1894958
6636.0,0.23889692,0.18593323
6636.8,0.1039601,0.18257114
6637.6,0.23124301,0.18024318
6638.4,0.101385735,0.17956364
6639.2,0.0075067184,0.1807557
6640.0,0.22886595,0.18358877
6640.8,0.15684207,0.1874554
6641.6,0.2870974,0.19155109
6642.4,0.28609565,0.19508298
6643.2,0.21827152,0.19746935
6644.0,0.11742712,0.19840476
6644.8,0.27789557,0.19785921
6645.6,0.16504756,0.19598165
6646.4,0.09239611,0.19299382
6647.2,0.32025766,0.18912396
6648.0,0.1781761,0.18460236
6648.8,0.22054006,0.17966686
6649.6,0.13368064,0.17459734
6650.4,0.17306714,0.16968432
6651.2,0.12897117,0.16519858
6652.0,0.14689615,0.16136481
6652.8,0.13220538,0.15831396
6653.6,0.16677393,0.1560921
6654.4,0.20286724,0.15469411
6655.2,0.11014612,0.15406644
6656.0,0.2239746,0.15412563
6656.8,0.03901227,0.15472862
6657.6,0.11223564,0.15566686
6658.4,0.19204155,0.1566604
6659.2,0.22394733,0.15741958
6660.0,0.20328197,0.15768638
6660.8,0.15086,0.15730229
6661.6,0.03783402,0.15624505
6662.4,0.2821027,0.15459192
