desi_paper_data/Figure3_lae.ecsv
# %ECSV 1.0
# ---
# datatype:
# - {name: lambda, datatype: float32}
# - {name: RawFlux, datatype: float32}
# - {name: SmoothedFlux, datatype: float32}
# delimiter: ','
# schema: astropy-2.0
lambda,RawFlux,SmoothedFlux
[from data line 3248]
6198.4,-0.110708326,0.074604906
6199.2,0.10237616,0.08168686
6200.0,0.18350406,0.089453824
6200.8,0.10153379,0.09703898
6201.6,0.08339706,0.10360529
6202.4,0.18401034,0.108516276
6203.2,0.08705164,0.11144243
6204.0,0.28075925,0.11239602
6204.8,0.039810378,0.111696385
6205.6,0.040222235,0.10985963
6206.4,0.11547441,0.107460566
6207.2,0.1646595,0.10501976
6208.0,0.05936708,0.102885135
6208.8,0.063330166,0.10121484
6209.6,0.06970784,0.09995818
6210.4,0.19726199,0.0989133
6211.2,0.038064107,0.09779909
6212.0,0.09663628,0.09634684
6212.8,0.09378607,0.0943902
6213.6,0.18644388,0.091963425
6214.4,0.04646084,0.089328974
6215.2,0.107369624,0.08694675
6216.0,0.122211166,0.08538332
6216.8,-0.024010615,0.0851726
6217.6,0.02898908,0.086644255
6218.4,0.05843581,0.08984444
6219.2,0.0657176,0.09447463
6220.0,0.17830534,0.099989004
6220.8,0.0975519,0.10574462
6221.6,0.13384241,0.1111699
6222.4,0.14404601,0.11590466
6223.2,0.12498524,0.119875364
6224.0,0.14342985,0.12324823
6224.8,0.14039618,0.12633108
6225.6,0.08992002,0.12940449
6226.4,0.0491114,0.13258563
6227.2,0.12343573,0.13573518
6228.0,0.1912935,0.13848373
6228.8,0.18537962,0.14029948
6229.6,0.1867249,0.14068815
6230.4,0.073386826,0.13933875
6231.2,0.21959172,0.13627148
6232.0,0.22412832,0.13186954
6232.8,0.10865227,0.12678896
6233.6,0.09300967,0.12178304
6234.4,0.029686185,0.117478564
6235.2,0.0009043949,0.114156306
6236.0,0.16089287,0.111677565
6236.8,0.12712821,0.10953831
6237.6,0.092114404,0.10705675
6238.4,0.19683959,0.103665434
6239.2,0.20010231,0.09914016
6240.0,0.049743507,0.0937217
6240.8,0.17093916,0.08806714
6241.6,-0.04672843,0.08303639
6242.4,0.085106336,0.07940878
6243.2,-0.121229865,0.07762779
6244.0,0.032330453,0.077706784
6244.8,0.21145214,0.0792719
6245.6,0.14537631,0.08176745
6246.4,0.084613614,0.08468818
6247.2,0.14951722,0.087726004
6248.0,0.023038458,0.09083293
6248.8,0.0029187994,0.094128944
6249.6,0.14838152,0.097749956
6250.4,0.026641166,0.10171806
6251.2,0.16174963,0.10584017
6252.0,0.18023393,0.10971663
6252.8,0.06487171,0.11281918
6253.6,0.08400549,0.11461758
6254.4,0.11701347,0.11471833
6255.2,0.22944118,0.11303291
6256.0,0.13225444,0.10983692
6256.8,0.19489963,0.10577553
6257.6,0.13115203,0.101690225
6258.4,-0.09434234,0.09839854
6259.2,0.033920027,0.09644316
6260.0,-0.024813855,0.09593098
6260.8,0.097379334,0.09653693
6261.6,0.2506794,0.09770642
6262.4,0.21009365,0.0988842
6263.2,0.18297581,0.099738665
6264.0,0.023809733,0.10023307
6264.8,-0.044873096,0.10050472
6265.6,-0.0071315435,0.10070632
6266.4,0.20172417,0.10084409
6267.2,0.16493031,0.100717686
6268.0,0.11953576,0.1000019
6268.8,0.09245938,0.09839978
6269.6,0.14525661,0.095774725
6270.4,0.147109,0.09220303
6271.2,0.01877325,0.08794421
6272.0,-0.015749015,0.08332862
6272.8,0.17247073,0.07864362
6273.6,0.036321446,0.07406954
6274.4,0.12821451,0.06965374
6275.2,0.028843272,0.06535819
6276.0,-0.013673274,0.061144356
6276.8,0.148758,0.057022125
6277.6,0.104523666,0.05313207
6278.4,-0.02825887,0.049722403
6279.2,0.04690101,0.04710723
6280.0,0.0849794,0.045595612
6280.8,-0.04896759,0.045391303
6281.6,-0.0030321793,0.046558343
6282.4,0.012770781,0.049021073
6283.2,0.10583281,0.05264454
6284.0,0.15899988,0.05729139
6284.8,0.056101713,0.062865466
6285.6,0.027036207,0.069266416
6286.4,-0.035441276,0.07631211
6287.2,0.04216596,0.083633356
6288.0,0.05933171,0.090624176
6288.8,0.30422264,0.09654704
6289.6,0.06445622,0.10059442
6290.4,0.15146434,0.10216832
6291.2,0.15639155,0.1009945
6292.0,0.02752569,0.0972209
6292.8,0.24107322,0.09140341
6293.6,0.050379653,0.0843906
6294.4,0.09674278,0.07715599
6295.2,-0.082966566,0.07059238
6296.0,0.07068839,0.0653869
6296.8,0.033698376,0.06193709
6297.6,0.06823635,0.06036117
6298.4,0.020680137,0.060575824
6299.2,0.19619231,0.062386632
6300.0,0.035336427,0.06557835
6300.8,-0.25282258,0.06995033
6301.6,0.48729923,0.07532502
6302.4,-0.1957181,0.08151491
6303.2,0.15810849,0.08832967
6304.0,0.14269683,0.09553073
6304.8,0.053474527,0.10285114
6305.6,0.13705115,0.10999528
6306.4,0.07503703,0.11663781
6307.2,0.19635971,0.12245822
6308.0,0.10084193,0.12712169
6308.8,0.11808866,0.13035652
6309.6,0.20656967,0.13195758
6310.4,0.16417333,0.13186891
6311.2,0.13733898,0.13019128
6312.0,0.09627959,0.12720688
6312.8,0.120308265,0.12337277
6313.6,0.16916344,0.11927619
6314.4,0.19051729,0.115538284
6315.2,-0.020517502,0.112699516
6316.0,0.025750231,0.11116767
6316.8,0.14230213,0.111065246
6317.6,0.10897673,0.11228208
6318.4,0.09714201,0.11449261
6319.2,0.10353449,0.11723777
6320.0,0.25934228,0.12007534
6320.8,0.032410305,0.12264984
6321.6,0.14828838,0.124776505
6322.4,0.046123277,0.12642975
6323.2,0.20800622,0.12773909
6324.0,0.2528047,0.12892248
6324.8,0.023362309,0.13019106
6325.6,0.043582488,0.13166972
6326.4,0.117667936,0.13331568
6327.2,0.19310261,0.13490337
6328.0,0.17769732,0.13606127
6328.8,0.093939744,0.1363802
6329.6,0.15137817,0.13553673
6330.4,0.14690964,0.13341196
6331.2,0.34675053,0.13014074
6332.0,0.021862548,0.12605141
6332.8,0.029185075,0.12156595
6333.6,0.021673236,0.11705257
6334.4,0.21099749,0.112739444
6335.2,0.10790945,0.10867934
6336.0,0.10623469,0.10482214
6336.8,0.15083885,0.101103745
6337.6,0.06825514,0.09754598
6338.4,0.10694863,0.09429403
6339.2,0.058431037,0.09158431
6340.0,0.08828311,0.08966426
6340.8,0.0590874,0.08870444
6341.6,0.05145546,0.0887212
6342.4,0.11656785,0.08953596
6343.2,0.054232843,0.09082106
6344.0,0.13223833,0.09217311
6344.8,0.06904097,0.09320232
6345.6,0.16135278,0.093649276
6346.4,0.13558921,0.09340271
6347.2,0.03429033,0.09253741
6348.0,0.100733444,0.09124716
6348.8,0.06994411,0.089783564
6349.6,0.13107009,0.08834094
6350.4,0.05504034,0.08699963
6351.2,0.001694443,0.0857117
6352.0,0.17404182,0.08433252
6352.8,0.064548045,0.0827232
6353.6,0.06564747,0.08083278
6354.4,0.21056318,0.07882114
6355.2,0.027069699,0.07706578
6356.0,0.045466516,0.07610553
6356.8,0.06674179,0.076534696
6357.6,-0.041988034,0.07882714
6358.4,0.088661894,0.08320895
6359.2,0.08513957,0.089569084
6360.0,0.12773521,0.09745365
6360.8,0.023930462,0.10613157
6361.6,0.13234681,0.11472481
6362.4,0.20430094,0.122383855
6363.2,0.14150204,0.12844217
6364.0,0.13024175,0.13255405
6364.8,0.16691484,0.13473839
6365.6,0.3597341,0.13534182
6366.4,-0.020842027,0.13490829
6367.2,-0.0012007157,0.13399085
6368.0,0.14994523,0.13299277
6368.8,0.09630405,0.13207835
6369.6,0.23319119,0.13118176
6370.4,0.20043343,0.13011076
6371.2,0.063774206,0.12866272
6372.0,0.12362206,0.12673064
6372.8,0.14711843,0.12432578
6373.6,0.13280949,0.121542126
6374.4,0.08966934,0.118489206
6375.2,0.103129804,0.115227245
6376.0,0.09682936,0.11175523
6376.8,0.12991068,0.1080581
6377.6,0.11460382,0.10416014
6378.4,0.17626537,0.10019863
6379.2,0.06856279,0.096442886
6380.0,0.05970907,0.09326752
6380.8,0.098114274,0.09104286
6381.6,-0.02703871,0.090068854
6382.4,0.075502545,0.09048899
6383.2,0.19291717,0.09225139
6384.0,0.02275424,0.09515296
6384.8,0.14774878,0.09887115
6385.6,0.06139548,0.10303418
6386.4,0.0737428,0.10727477
6387.2,0.12406208,0.11126197
6388.0,0.23010755,0.11470578
6388.8,0.06191512,0.117381535
6389.6,0.11440156,0.11913713
6390.4,0.1018318,0.11992093
6391.2,0.13309784,0.119808525
6392.0,0.18678574,0.1190216
6392.8,0.16769482,0.11791415
6393.6,0.05842638,0.11690174
6394.4,0.08726119,0.11637609
6395.2,0.09255202,0.11657444
6396.0,0.022069609,0.1174789
6396.8,0.17378654,0.11882202
6397.6,0.13589583,0.12016709
6398.4,0.14401954,0.12105711
6399.2,0.114144884,0.12123302
6400.0,0.24873722,0.120730564
6400.8,0.11967989,0.119880885
6401.6,0.12046282,0.11917071
6402.4,0.01105127,0.11902072
6403.2,-0.0023064674,0.11954995
6404.0,0.031161258,0.12047751
6404.8,0.23132315,0.1211853
6405.6,0.3195691,0.120914556
6406.4,0.12634465,0.11904617
6407.2,0.12240816,0.11529637
6408.0,0.12163523,0.10980867
6408.8,0.02880825,0.10309115
6409.6,0.08696302,0.0958582
6410.4,0.15897813,0.08886106
6411.2,-0.016146807,0.082748346
6412.0,0.05058012,0.077994615
6412.8,0.16371623,0.074883245
6413.6,0.070374474,0.07350751
6414.4,-0.06811761,0.07381899
6415.2,0.001863408,0.075644724
6416.0,0.172189,0.078751095
6416.8,0.1199301,0.08288902
6417.6,0.17061841,0.08782907
6418.4,-0.017016513,0.09337159
6419.2,0.066945024,0.09931215
6420.0,0.029308494,0.105397366
6420.8,0.16887362,0.111299165
6421.6,0.21315272,0.11663475
6422.4,0.08902544,0.121029474
6423.2,0.18919094,0.12416235
6424.0,0.074502826,0.1258236
6424.8,0.116313666,0.12594242
6425.6,0.2170361,0.12454585
6426.4,0.0902858,0.1217552
6427.2,0.11432624,0.11775582
6428.0,0.13235652,0.1127848
6428.8,0.124755256,0.10711378
6429.6,0.14679042,0.10105728
6430.4,0.009599392,0.09494296
6431.2,0.0833551,0.08909096
6432.0,0.10653554,0.08381207
6432.8,0.056919124,0.07938843
6433.6,0.11668333,0.07608158
6434.4,-0.014513317,0.07410711
6435.2,0.119934514,0.07360361
6436.0,0.0969556,0.07458898
6436.8,-0.0935454,0.076924205
6437.6,0.08849145,0.08031515
6438.4,0.13648915,0.08433498
6439.2,0.17096096,0.088504285
6440.0,0.07024981,0.09238898
6440.8,0.10772525,0.095643274
6441.6,0.0059088217,0.09809032
6442.4,0.16606341,0.09969993
6443.2,0.16529758,0.10057861
6444.0,0.12168826,0.100900665
6444.8,0.061277058,0.10084106
6445.6,0.049104735,0.10050072
6446.4,0.042842634,0.09986291
6447.2,0.17959422,0.098788686
6448.0,0.14627598,0.09708203
6448.8,0.052067563,0.0945615
6449.6,0.11666935,0.091197625
6450.4,0.14814015,0.08716297
6451.2,0.11349912,0.08282726
6452.0,-0.033171456,0.07871411
6452.8,0.13682888,0.07537191
6453.6,-0.056162838,0.073241375
6454.4,0.128547,0.07256772
6455.2,0.014393125,0.073359884
6456.0,0.111195356,0.07541465
6456.8,0.019623687,0.07841462
6457.6,0.14854524,0.08202935
6458.4,0.08520582,0.08602255
6459.2,0.06912417,0.09029493
6460.0,0.09369127,0.09489016
6460.8,0.21379961,0.09990139
6461.6,-0.02085838,0.10537672
6462.4,0.004142485,0.11121679
6463.2,0.15589543,0.11714282
6464.0,0.16790439,0.12272488
6464.8,0.16540317,0.12750822
6465.6,0.24402979,0.13112889
6466.4,0.06243943,0.13343003
6467.2,0.13078886,0.1344919
6468.0,0.14849055,0.13457586
6468.8,0.16658604,0.13402787
6469.6,0.12210236,0.13313192
6470.4,0.05852561,0.13204694
6471.2,0.14859188,0.13077798
6472.0,0.05292419,0.12924843
6472.8,0.25678715,0.12739633
6473.6,0.24451715,0.12527366
6474.4,0.09185043,0.123081736
6475.2,-0.03676788,0.12114441
6476.0,0.15878984,0.11977753
6476.8,0.030021535,0.11921544
6477.6,0.1849894,0.11952272
6478.4,0.09911012,0.12056897
6479.2,0.23442356,0.122066855
6480.0,0.030417852,0.123637676
6480.8,0.07972706,0.12486115
6481.6,0.16429408,0.1253531
6482.4,0.14344001,0.12482283
6483.2,0.1569571,0.12314117
6484.0,0.19797705,0.1203741
6484.8,0.11949687,0.11679626
6485.6,0.07848149,0.11285428
6486.4,0.06065499,0.1090465
6487.2,0.037878394,0.10583621
6488.0,0.21218833,0.10353955
6488.8,0.018094838,0.102300666
6489.6,0.067149304,0.102091275
6490.4,0.14745387,0.10278899
6491.2,0.13207334,0.104196
6492.0,0.092639886,0.10608492
6492.8,0.09152569,0.10817586
6493.6,0.09449035,0.110128
6494.4,0.066251524,0.1115263
6495.2,0.087703764,0.11194718
6496.0,0.26288557,0.11105341
6496.8,0.1836045,0.10869161
6497.6,0.049687482,0.10498125
6498.4,0.12333605,0.10031557
6499.2,0.06393528,0.09527145
6500.0,0.09130558,0.09048944
6500.8,-0.017023906,0.08652054
6501.6,0.14172566,0.08373509
6502.4,0.04420284,0.082279906
6503.2,0.094475985,0.08207324
6504.0,0.08727029,0.082894005
6504.8,0.035025913,0.08442688
6505.6,0.106886595,0.08632664
6506.4,0.10331784,0.088265814
6507.2,0.09774916,0.08996534
6508.0,0.076341376,0.09122479
6508.8,0.15696792,0.091936946
6509.6,0.05527892,0.092092775
6510.4,0.059991527,0.09179259
6511.2,0.15651973,0.09123152
6512.0,0.079063416,0.09067194
6512.8,0.122297004,0.090424575
6513.6,-0.026290154,0.09078849
6514.4,0.112724096,0.09199978
6515.2,0.18898813,0.09417066
6516.0,-0.029152513,0.09726418
6516.8,0.083352506,0.10108056
6517.6,0.103578486,0.10529118
6518.4,0.1379236,0.10951967
6519.2,0.20037812,0.11340375
6520.0,0.10912648,0.116672054
6520.8,0.07526807,0.119152345
6521.6,0.14828172,0.12077185
6522.4,0.12104228,0.121538684
6523.2,0.061199035,0.121521756
6524.0,0.18857826,0.12084817
6524.8,0.16983238,0.11972286
6525.6,0.13469104,0.11841347
6526.4,0.11356195,0.11718886
6527.2,0.037919343,0.1162508
6528.0,0.052348226,0.11563325
6528.8,0.06507581,0.115189694
6529.6,0.2605164,0.114635736
6530.4,0.10685901,0.11363889
6531.2,0.15864435,0.111983895
6532.0,0.08305004,0.10963592
6532.8,0.16741057,0.106767766
6533.6,0.07810564,0.103700735
6534.4,-0.031717733,0.10078485
6535.2,0.12464284,0.09832107
6536.0,0.15808053,0.09651154
6536.8,0.079090044,0.09547214
6537.6,0.091041364,0.09526658
6538.4,0.1005312,0.09595099
6539.2,0.05513117,0.097549304
6540.0,0.12275701,0.09998291
6540.8,0.0827,0.103017956
6541.6,0.025427088,0.10619837
6542.4,0.13751997,0.10889525
6543.2,0.07387888,0.11040706
6544.0,0.2705105,0.11015171
6544.8,0.20424294,0.1078334
6545.6,0.08621386,0.10355326
6546.4,0.10926494,0.09781674
6547.2,-0.00079887616,0.09142315
6548.0,0.072119474,0.08529816
6548.8,0.072778255,0.08029469
6549.6,0.11474334,0.07706408
6550.4,0.004233623,0.07593999
6551.2,0.0027664474,0.07690094
6552.0,0.15867698,0.079610005
6552.8,-0.038585268,0.083476886
6553.6,0.11155832,0.08780187
6554.4,0.092543386,0.091950156
6555.2,0.2449188,0.09549065
6556.0,0.18210232,0.0982917
6556.8,-0.0033351863,0.10051909
6557.6,0.09640445,0.10251026
6558.4,-0.0152756395,0.10462411
6559.2,0.14005892,0.10708146
6560.0,0.08969133,0.10989631
6560.8,0.20972532,0.11290798
6561.6,0.08669059,0.1158602
6562.4,0.13860792,0.11853016
6563.2,0.14877614,0.120791286
6564.0,0.039361596,0.12262634
6564.8,0.20887154,0.12408756
6565.6,0.1078261,0.12524605
6566.4,0.036876775,0.126159
6567.2,0.17957042,0.12681612
6568.0,0.18712595,0.12719943
6568.8,0.12400772,0.1272726
6569.6,0.107726015,0.12701523
6570.4,0.125179,0.12639715
6571.2,0.096725695,0.12537907
6572.0,0.113897964,0.12392438
6572.8,0.15325296,0.12200425
6573.6,0.20300403,0.11965227
6574.4,0.07456891,0.11698451
6575.2,0.07339848,0.11422
6576.0,0.17135863,0.11164041
6576.8,0.10980734,0.109527424
6577.6,0.015059628,0.10810024
6578.4,0.010579617,0.107439496
6579.2,0.28598544,0.10749979
6580.0,0.07260692,0.10809282
6580.8,0.08366233,0.10894851
6581.6,0.046664394,0.109770074
6582.4,0.1903677,0.11027961
6583.2,0.109625585,0.11028162
6584.0,0.10227861,0.10970643
6584.8,0.12580454,0.108652815
6585.6,0.14733969,0.10738015
6586.4,0.116790466,0.106264964
6587.2,0.07305751,0.10570883
6588.0,0.010782849,0.106012926
6588.8,0.13406366,0.10726709
6589.6,0.04873403,0.1092864
6590.4,0.1754359,0.111636266
6591.2,0.06388621,0.113718994
6592.0,0.20757876,0.114923224
6592.8,0.11930671,0.11479267
6593.6,0.13760509,0.11314179
6594.4,0.16296414,0.11009994
6595.2,0.081215955,0.106085144
6596.0,0.12609884,0.1016843
6596.8,0.03537182,0.09751337
6597.6,0.061144542,0.09404904
6598.4,0.07675292,0.0915391
6599.2,0.06002177,0.08997331
6600.0,0.11838502,0.089141004
6600.8,0.07148481,0.08872458
6601.6,0.16207568,0.088417605
6602.4,0.097448796,0.08800517
6603.2,0.06391626,0.087418795
6604.0,0.058962084,0.086692125
6604.8,0.00816514,0.085944094
6605.6,0.2215917,0.085298136
6606.4,0.061099265,0.08486174
6607.2,0.06925386,0.08467741
6608.0,0.049830083,0.08473489
6608.8,0.02541146,0.08497361
6609.6,0.13346459,0.08531714
6610.4,0.14772227,0.08572778
6611.2,0.115437165,0.086218454
6612.0,0.008434595,0.086869024
6612.8,0.08736714,0.087768964
6613.6,0.10832801,0.08894529
6614.4,0.09024825,0.09028677
6615.2,-0.026871717,0.09150672
6616.0,0.15278615,0.092186265
6616.8,0.1197895,0.0918585
6617.6,0.19650957,0.09014222
6618.4,0.11631367,0.08685888
6619.2,0.084081054,0.08208172
6620.0,-0.019919349,0.0761432
6620.8,0.10246338,0.06954566
6621.6,0.09660787,0.062899284
6622.4,0.031001125,0.056821488
6623.2,0.08861142,0.051856723
6624.0,-0.02946214,0.048419576
6624.8,0.012566979,0.0467399
6625.6,-0.0004835326,0.046824638
6626.4,0.06466327,0.048465908
6627.2,0.04785766,0.051293258
6628.0,0.03878077,0.054833505
6628.8,0.106907934,0.05860879
6629.6,0.10820845,0.062180944
6630.4,0.024348032,0.06520937
6631.2,0.03625646,0.067426816
