desi_paper_data/Figure29_fit.ecsv
# %ECSV 1.0
# ---
# datatype:
# - {name: s, datatype: float32}
# - {name: sxi_0_xmm, datatype: float32}
# - {name: sxi_0_inf_xmm, datatype: float32}
# - {name: sxi_0_sup_xmm, datatype: float32}
# - {name: sxi_0_cosmos, datatype: float32}
# - {name: sxi_0_inf_cosmos, datatype: float32}
# - {name: sxi_0_sup_cosmos, datatype: float32}
# delimiter: ','
# schema: astropy-2.0
s,sxi_0_xmm,sxi_0_inf_xmm,sxi_0_sup_xmm,sxi_0_cosmos,sxi_0_inf_cosmos,sxi_0_sup_cosmos
[from data line 461]
29.42,1.62,1.41,1.85,1.32,1.13,1.51
29.56,1.61,1.4,1.84,1.31,1.13,1.5
29.7,1.6,1.39,1.83,1.3,1.12,1.49
29.84,1.59,1.38,1.81,1.29,1.11,1.48
29.97,1.58,1.37,1.8,1.28,1.1,1.47
30.11,1.57,1.36,1.79,1.27,1.09,1.46
30.25,1.55,1.35,1.77,1.26,1.09,1.44
30.39,1.54,1.34,1.76,1.25,1.08,1.43
30.53,1.53,1.33,1.75,1.24,1.07,1.42
30.67,1.52,1.32,1.73,1.23,1.06,1.41
30.82,1.51,1.31,1.72,1.22,1.05,1.4
30.96,1.5,1.3,1.71,1.21,1.05,1.39
31.1,1.49,1.29,1.7,1.2,1.04,1.38
31.25,1.47,1.28,1.68,1.19,1.03,1.37
31.39,1.46,1.27,1.67,1.19,1.02,1.36
31.54,1.45,1.26,1.66,1.18,1.02,1.35
31.68,1.44,1.25,1.65,1.17,1.01,1.34
31.83,1.43,1.24,1.63,1.16,1.0,1.33
31.98,1.42,1.23,1.62,1.15,0.99,1.32
32.12,1.41,1.22,1.61,1.14,0.98,1.31
32.27,1.4,1.21,1.6,1.13,0.98,1.3
32.42,1.39,1.2,1.58,1.12,0.97,1.29
32.57,1.38,1.19,1.57,1.11,0.96,1.28
32.72,1.37,1.19,1.56,1.11,0.95,1.27
32.87,1.35,1.18,1.55,1.1,0.95,1.26
33.03,1.34,1.17,1.53,1.09,0.94,1.25
33.18,1.33,1.16,1.52,1.08,0.93,1.24
33.33,1.32,1.15,1.51,1.07,0.92,1.23
33.49,1.31,1.14,1.5,1.06,0.92,1.22
33.64,1.3,1.13,1.49,1.05,0.91,1.21
33.8,1.29,1.12,1.47,1.05,0.9,1.2
33.96,1.28,1.11,1.46,1.04,0.9,1.19
34.11,1.27,1.1,1.45,1.03,0.89,1.18
34.27,1.26,1.09,1.44,1.02,0.88,1.17
34.43,1.25,1.09,1.43,1.01,0.87,1.16
34.59,1.24,1.08,1.42,1.0,0.87,1.15
34.75,1.23,1.07,1.4,1.0,0.86,1.14
34.91,1.22,1.06,1.39,0.99,0.85,1.13
35.07,1.21,1.05,1.38,0.98,0.85,1.13
35.23,1.2,1.04,1.37,0.97,0.84,1.12
35.4,1.19,1.03,1.36,0.96,0.83,1.11
35.56,1.18,1.02,1.35,0.96,0.82,1.1
35.73,1.17,1.02,1.34,0.95,0.82,1.09
35.89,1.16,1.01,1.32,0.94,0.81,1.08
36.06,1.15,1.0,1.31,0.93,0.8,1.07
36.22,1.14,0.99,1.3,0.92,0.8,1.06
36.39,1.13,0.98,1.29,0.92,0.79,1.05
36.56,1.12,0.97,1.28,0.91,0.78,1.04
36.73,1.11,0.97,1.27,0.9,0.78,1.03
36.9,1.1,0.96,1.26,0.89,0.77,1.03
37.07,1.09,0.95,1.25,0.89,0.76,1.02
37.24,1.08,0.94,1.24,0.88,0.76,1.01
37.41,1.07,0.93,1.23,0.87,0.75,1.0
37.59,1.07,0.92,1.22,0.86,0.74,0.99
37.76,1.06,0.92,1.21,0.86,0.74,0.98
37.94,1.05,0.91,1.2,0.85,0.73,0.97
38.11,1.04,0.9,1.18,0.84,0.73,0.96
38.29,1.03,0.89,1.17,0.83,0.72,0.96
38.47,1.02,0.88,1.16,0.83,0.71,0.95
38.64,1.01,0.88,1.15,0.82,0.71,0.94
38.82,1.0,0.87,1.14,0.81,0.7,0.93
39.0,0.99,0.86,1.13,0.8,0.69,0.92
39.18,0.98,0.85,1.12,0.8,0.69,0.91
39.37,0.97,0.85,1.11,0.79,0.68,0.91
39.55,0.97,0.84,1.1,0.78,0.67,0.9
39.73,0.96,0.83,1.09,0.78,0.67,0.89
39.91,0.95,0.82,1.08,0.77,0.66,0.88
40.1,0.94,0.82,1.07,0.76,0.66,0.87
40.28,0.93,0.81,1.06,0.75,0.65,0.87
40.47,0.92,0.8,1.05,0.75,0.64,0.86
40.66,0.91,0.79,1.04,0.74,0.64,0.85
40.85,0.91,0.79,1.03,0.73,0.63,0.84
41.04,0.9,0.78,1.02,0.73,0.63,0.83
41.23,0.89,0.77,1.01,0.72,0.62,0.83
41.42,0.88,0.76,1.0,0.71,0.62,0.82
41.61,0.87,0.76,1.0,0.71,0.61,0.81
41.8,0.86,0.75,0.99,0.7,0.6,0.8
42.0,0.86,0.74,0.98,0.69,0.6,0.8
42.19,0.85,0.74,0.97,0.69,0.59,0.79
42.39,0.84,0.73,0.96,0.68,0.59,0.78
42.58,0.83,0.72,0.95,0.67,0.58,0.77
42.78,0.82,0.71,0.94,0.67,0.58,0.77
42.98,0.82,0.71,0.93,0.66,0.57,0.76
43.18,0.81,0.7,0.92,0.65,0.56,0.75
43.38,0.8,0.69,0.91,0.65,0.56,0.74
43.58,0.79,0.69,0.9,0.64,0.55,0.74
43.78,0.78,0.68,0.89,0.63,0.55,0.73
43.98,0.78,0.67,0.89,0.63,0.54,0.72
44.18,0.77,0.67,0.88,0.62,0.54,0.71
44.39,0.76,0.66,0.87,0.62,0.53,0.71
44.59,0.75,0.65,0.86,0.61,0.53,0.7
44.8,0.75,0.65,0.85,0.6,0.52,0.69
45.01,0.74,0.64,0.84,0.6,0.52,0.69
45.22,0.73,0.63,0.83,0.59,0.51,0.68
45.43,0.72,0.63,0.83,0.59,0.51,0.67
45.64,0.72,0.62,0.82,0.58,0.5,0.67
45.85,0.71,0.61,0.81,0.57,0.49,0.66
46.06,0.7,0.61,0.8,0.57,0.49,0.65
46.27,0.69,0.6,0.79,0.56,0.48,0.65
46.49,0.69,0.6,0.78,0.56,0.48,0.64
46.7,0.68,0.59,0.78,0.55,0.47,0.63
46.92,0.67,0.58,0.77,0.54,0.47,0.63
47.14,0.67,0.58,0.76,0.54,0.46,0.62
47.35,0.66,0.57,0.75,0.53,0.46,0.61
47.57,0.65,0.57,0.74,0.53,0.46,0.61
47.79,0.64,0.56,0.74,0.52,0.45,0.6
48.02,0.64,0.55,0.73,0.52,0.45,0.59
48.24,0.63,0.55,0.72,0.51,0.44,0.59
48.46,0.62,0.54,0.71,0.51,0.44,0.58
48.69,0.62,0.54,0.7,0.5,0.43,0.57
48.91,0.61,0.53,0.7,0.49,0.43,0.57
49.14,0.6,0.52,0.69,0.49,0.42,0.56
49.37,0.6,0.52,0.68,0.48,0.42,0.56
49.59,0.59,0.51,0.67,0.48,0.41,0.55
49.82,0.58,0.51,0.67,0.47,0.41,0.54
50.05,0.58,0.5,0.66,0.47,0.4,0.54
50.29,0.57,0.5,0.65,0.46,0.4,0.53
50.52,0.56,0.49,0.64,0.46,0.39,0.52
50.75,0.56,0.48,0.64,0.45,0.39,0.52
50.99,0.55,0.48,0.63,0.45,0.39,0.51
51.22,0.55,0.47,0.62,0.44,0.38,0.51
51.46,0.54,0.47,0.62,0.44,0.38,0.5
51.7,0.53,0.46,0.61,0.43,0.37,0.5
51.94,0.53,0.46,0.6,0.43,0.37,0.49
52.18,0.52,0.45,0.59,0.42,0.36,0.48
52.42,0.51,0.45,0.59,0.42,0.36,0.48
52.66,0.51,0.44,0.58,0.41,0.36,0.47
52.91,0.5,0.44,0.57,0.41,0.35,0.47
53.15,0.5,0.43,0.57,0.4,0.35,0.46
53.4,0.49,0.43,0.56,0.4,0.34,0.46
53.65,0.49,0.42,0.55,0.39,0.34,0.45
53.89,0.48,0.42,0.55,0.39,0.33,0.45
54.14,0.47,0.41,0.54,0.38,0.33,0.44
54.39,0.47,0.41,0.53,0.38,0.33,0.43
54.65,0.46,0.4,0.53,0.37,0.32,0.43
54.9,0.46,0.4,0.52,0.37,0.32,0.42
55.15,0.45,0.39,0.51,0.37,0.32,0.42
55.41,0.45,0.39,0.51,0.36,0.31,0.41
55.67,0.44,0.38,0.5,0.36,0.31,0.41
55.92,0.43,0.38,0.5,0.35,0.3,0.4
56.18,0.43,0.37,0.49,0.35,0.3,0.4
56.44,0.42,0.37,0.48,0.34,0.3,0.39
56.7,0.42,0.36,0.48,0.34,0.29,0.39
56.97,0.41,0.36,0.47,0.33,0.29,0.38
57.23,0.41,0.35,0.47,0.33,0.28,0.38
57.5,0.4,0.35,0.46,0.33,0.28,0.37
57.76,0.4,0.34,0.45,0.32,0.28,0.37
58.03,0.39,0.34,0.45,0.32,0.27,0.36
58.3,0.39,0.34,0.44,0.31,0.27,0.36
58.57,0.38,0.33,0.44,0.31,0.27,0.35
58.84,0.38,0.33,0.43,0.31,0.26,0.35
59.11,0.37,0.32,0.42,0.3,0.26,0.35
59.38,0.37,0.32,0.42,0.3,0.26,0.34
59.66,0.36,0.31,0.41,0.29,0.25,0.34
59.94,0.36,0.31,0.41,0.29,0.25,0.33
60.21,0.35,0.31,0.4,0.29,0.25,0.33
60.49,0.35,0.3,0.4,0.28,0.24,0.32
60.77,0.34,0.3,0.39,0.28,0.24,0.32
61.05,0.34,0.29,0.39,0.27,0.24,0.31
61.34,0.33,0.29,0.38,0.27,0.23,0.31
61.62,0.33,0.29,0.37,0.27,0.23,0.31
61.91,0.32,0.28,0.37,0.26,0.23,0.3
62.19,0.32,0.28,0.36,0.26,0.22,0.3
62.48,0.31,0.27,0.36,0.25,0.22,0.29
62.77,0.31,0.27,0.35,0.25,0.22,0.29
63.06,0.31,0.27,0.35,0.25,0.21,0.28
63.35,0.3,0.26,0.34,0.24,0.21,0.28
63.65,0.3,0.26,0.34,0.24,0.21,0.28
63.94,0.29,0.25,0.33,0.24,0.2,0.27
64.24,0.29,0.25,0.33,0.23,0.2,0.27
64.53,0.28,0.25,0.32,0.23,0.2,0.26
64.83,0.28,0.24,0.32,0.23,0.2,0.26
65.13,0.28,0.24,0.31,0.22,0.19,0.26
65.43,0.27,0.24,0.31,0.22,0.19,0.25
65.74,0.27,0.23,0.3,0.22,0.19,0.25
66.04,0.26,0.23,0.3,0.21,0.18,0.24
66.35,0.26,0.22,0.29,0.21,0.18,0.24
66.65,0.25,0.22,0.29,0.21,0.18,0.24
66.96,0.25,0.22,0.29,0.2,0.17,0.23
67.27,0.25,0.21,0.28,0.2,0.17,0.23
67.59,0.24,0.21,0.28,0.2,0.17,0.22
67.9,0.24,0.21,0.27,0.19,0.17,0.22
68.21,0.23,0.2,0.27,0.19,0.16,0.22
68.53,0.23,0.2,0.26,0.19,0.16,0.21
68.85,0.23,0.2,0.26,0.18,0.16,0.21
69.16,0.22,0.19,0.25,0.18,0.16,0.21
69.48,0.22,0.19,0.25,0.18,0.15,0.2
69.81,0.21,0.19,0.24,0.17,0.15,0.2
70.13,0.21,0.18,0.24,0.17,0.15,0.2
70.45,0.21,0.18,0.24,0.17,0.14,0.19
70.78,0.2,0.18,0.23,0.16,0.14,0.19
71.11,0.2,0.17,0.23,0.16,0.14,0.18
71.44,0.2,0.17,0.22,0.16,0.14,0.18
71.77,0.19,0.17,0.22,0.16,0.13,0.18
72.1,0.19,0.16,0.21,0.15,0.13,0.17
72.43,0.18,0.16,0.21,0.15,0.13,0.17
72.77,0.18,0.16,0.21,0.15,0.13,0.17
73.11,0.18,0.15,0.2,0.14,0.12,0.16
73.45,0.17,0.15,0.2,0.14,0.12,0.16
73.79,0.17,0.15,0.19,0.14,0.12,0.16
74.13,0.17,0.14,0.19,0.13,0.12,0.15
74.47,0.16,0.14,0.18,0.13,0.11,0.15
74.82,0.16,0.14,0.18,0.13,0.11,0.15
75.16,0.15,0.13,0.18,0.13,0.11,0.14
75.51,0.15,0.13,0.17,0.12,0.11,0.14
75.86,0.15,0.13,0.17,0.12,0.1,0.14
76.21,0.14,0.13,0.16,0.12,0.1,0.13
76.56,0.14,0.12,0.16,0.11,0.1,0.13
76.92,0.14,0.12,0.16,0.11,0.1,0.13
77.27,0.13,0.12,0.15,0.11,0.09,0.12
77.63,0.13,0.11,0.15,0.11,0.09,0.12
77.99,0.13,0.11,0.15,0.1,0.09,0.12
78.35,0.12,0.11,0.14,0.1,0.09,0.12
78.72,0.12,0.1,0.14,0.1,0.08,0.11
79.08,0.12,0.1,0.13,0.1,0.08,0.11
79.45,0.11,0.1,0.13,0.09,0.08,0.11
79.81,0.11,0.1,0.13,0.09,0.08,0.1
80.18,0.11,0.09,0.12,0.09,0.08,0.1
80.55,0.11,0.09,0.12,0.09,0.07,0.1
80.93,0.1,0.09,0.12,0.08,0.07,0.1
81.3,0.1,0.09,0.11,0.08,0.07,0.09
81.68,0.1,0.08,0.11,0.08,0.07,0.09
82.06,0.1,0.08,0.11,0.08,0.07,0.09
82.44,0.09,0.08,0.11,0.08,0.06,0.09
82.82,0.09,0.08,0.1,0.07,0.06,0.08
83.2,0.09,0.08,0.1,0.07,0.06,0.08
83.59,0.09,0.08,0.1,0.07,0.06,0.08
83.97,0.09,0.07,0.1,0.07,0.06,0.08
84.36,0.09,0.07,0.1,0.07,0.06,0.08
84.75,0.08,0.07,0.1,0.07,0.06,0.08
85.15,0.08,0.07,0.1,0.07,0.06,0.08
85.54,0.08,0.07,0.1,0.07,0.06,0.08
85.94,0.08,0.07,0.1,0.07,0.06,0.08
86.34,0.08,0.07,0.1,0.07,0.06,0.08
86.73,0.09,0.07,0.1,0.07,0.06,0.08
87.14,0.09,0.08,0.1,0.07,0.06,0.08
87.54,0.09,0.08,0.1,0.07,0.06,0.08
87.95,0.09,0.08,0.11,0.07,0.06,0.09
88.35,0.1,0.08,0.11,0.08,0.07,0.09
88.76,0.1,0.09,0.11,0.08,0.07,0.09
89.17,0.1,0.09,0.12,0.08,0.07,0.1
89.59,0.11,0.09,0.12,0.09,0.08,0.1
90.0,0.11,0.1,0.13,0.09,0.08,0.1
90.42,0.12,0.1,0.13,0.1,0.08,0.11
90.84,0.12,0.11,0.14,0.1,0.09,0.12
91.26,0.13,0.11,0.15,0.11,0.09,0.12
91.68,0.14,0.12,0.16,0.11,0.1,0.13
92.1,0.15,0.13,0.17,0.12,0.1,0.14
92.53,0.15,0.13,0.17,0.12,0.11,0.14
92.96,0.16,0.14,0.18,0.13,0.11,0.15
93.39,0.17,0.15,0.19,0.14,0.12,0.16
93.82,0.18,0.15,0.2,0.14,0.12,0.17
94.26,0.19,0.16,0.21,0.15,0.13,0.17
94.69,0.19,0.17,0.22,0.16,0.14,0.18
95.13,0.2,0.18,0.23,0.16,0.14,0.19
95.57,0.21,0.18,0.24,0.17,0.15,0.2
96.01,0.22,0.19,0.25,0.18,0.15,0.2
96.46,0.23,0.2,0.26,0.18,0.16,0.21
96.9,0.23,0.2,0.27,0.19,0.16,0.22
97.35,0.24,0.21,0.27,0.19,0.17,0.22
97.8,0.24,0.21,0.28,0.2,0.17,0.23
98.26,0.25,0.22,0.28,0.2,0.17,0.23
98.71,0.25,0.22,0.29,0.21,0.18,0.24
99.17,0.26,0.22,0.29,0.21,0.18,0.24
99.63,0.26,0.22,0.3,0.21,0.18,0.24
100.09,0.26,0.23,0.3,0.21,0.18,0.24
100.55,0.26,0.23,0.3,0.21,0.18,0.24
101.02,0.26,0.23,0.3,0.21,0.18,0.24
101.49,0.26,0.23,0.3,0.21,0.18,0.24
101.96,0.26,0.22,0.3,0.21,0.18,0.24
102.43,0.26,0.22,0.29,0.21,0.18,0.24
