desi_paper_data/Figure3_lbg.ecsv
# %ECSV 1.0
# ---
# datatype:
# - {name: lambda, datatype: float32}
# - {name: RawFlux, datatype: float32}
# - {name: SmoothedFlux, datatype: float32}
# delimiter: ','
# schema: astropy-2.0
lambda,RawFlux,SmoothedFlux
[from data line 1075]
4460.0,-0.032950513,0.20578273
4460.8,0.12953782,0.19473721
4461.6,0.36709285,0.18899852
4462.4,-0.16099687,0.18930349
4463.2,0.06481399,0.19508624
4464.0,0.34861276,0.2045384
4464.8,-0.05155803,0.2149585
4465.6,0.3597904,0.22335488
4466.4,0.52592045,0.22710794
4467.2,0.47552934,0.22459497
4468.0,0.48812526,0.21547726
4468.8,-0.079206616,0.20077574
4469.6,0.05221481,0.1825243
4470.4,0.11437235,0.16329065
4471.2,0.24949221,0.14565408
4472.0,0.16367616,0.13171417
4472.8,0.046495076,0.12291636
4473.6,-0.25248533,0.119812325
4474.4,0.20384873,0.12205819
4475.2,0.08071035,0.12851408
4476.0,0.09187934,0.13744181
4476.8,0.42938322,0.1466909
4477.6,-0.002788471,0.15413158
4478.4,0.07938405,0.15799776
4479.2,0.35862198,0.15718156
4480.0,0.4533823,0.15154356
4480.8,0.12959827,0.14187971
4481.6,0.15403123,0.12973678
4482.4,-0.12533069,0.11706094
4483.2,0.12033855,0.10566717
4484.0,0.08654506,0.09685478
4484.8,-0.21761549,0.091155015
4485.6,0.06634234,0.088371664
4486.4,0.44207868,0.087834656
4487.2,0.14582054,0.08877784
4488.0,-0.20772801,0.090663336
4488.8,0.30528772,0.09340616
4489.6,0.005306217,0.0973009
4490.4,0.09128817,0.10283433
4491.2,0.20920537,0.110393174
4492.0,-0.2428924,0.11998028
4492.8,0.15412417,0.13112599
4493.6,0.30824137,0.14296426
4494.4,0.06310876,0.15445621
4495.2,0.26518968,0.16471879
4496.0,0.35833555,0.17328472
4496.8,0.24633117,0.1802344
4497.6,0.06317919,0.1860885
4498.4,0.020923309,0.19153845
4499.2,0.19061808,0.19710298
4500.0,0.30430326,0.20286632
4500.8,0.18795271,0.20835027
4501.6,0.14722963,0.21258114
4502.4,0.1758471,0.21432595
4503.2,0.4169489,0.21250266
4504.0,0.35472193,0.20641568
4504.8,0.28471047,0.19605602
4505.6,0.12096394,0.18214096
4506.4,0.16871916,0.16601141
4507.2,0.02171516,0.1494262
4508.0,0.30100453,0.13427402
4508.8,-0.12487532,0.1222869
4509.6,0.15748355,0.114818685
4510.4,0.09073531,0.11259047
4511.2,-0.016740967,0.11554762
4512.0,0.037490368,0.12274265
4512.8,0.08789678,0.13241795
4513.6,0.04867543,0.142263
4514.4,0.29289865,0.14986207
4515.2,0.19787431,0.15329212
4516.0,0.6431786,0.15162937
4516.8,0.24279091,0.14521113
4517.6,0.060663775,0.1355649
4518.4,-0.2502452,0.1249391
4519.2,0.10079049,0.115670376
4520.0,0.12623593,0.109548464
4520.8,0.017454445,0.107396126
4521.6,-0.014743634,0.10896393
4522.4,0.26172042,0.11312821
4523.2,0.03258159,0.118217185
4524.0,0.24584995,0.12251471
4524.8,0.11878136,0.12460897
4525.6,0.19304645,0.123653114
4526.4,0.32542357,0.119486846
4527.2,-0.032615624,0.112611726
4528.0,0.06157967,0.10401536
4528.8,0.21165211,0.094955556
4529.6,0.033725098,0.08666405
4530.4,0.015241678,0.08015569
4531.2,-0.03164806,0.07604402
4532.0,-0.0018401355,0.074543186
4532.8,0.15810432,0.07560882
4533.6,0.001390729,0.07919776
4534.4,0.17346478,0.08541891
4535.2,0.3030535,0.094692975
4536.0,-0.055676885,0.10762771
4536.8,-0.1381822,0.12476474
4537.6,0.083536476,0.14613582
4538.4,0.16204588,0.17100382
4539.2,0.0675461,0.19769737
4540.0,0.295546,0.22378743
4540.8,0.41187784,0.24646331
4541.6,0.45691216,0.26310682
4542.4,0.30959326,0.2718303
4543.2,0.29534328,0.27192333
4544.0,0.57070005,0.264034
4544.8,0.25656152,0.250061
4545.6,0.095636204,0.23282173
4546.4,0.49030802,0.2154485
4547.2,-0.13104054,0.20077753
4548.0,-0.12213994,0.19075926
4548.8,-0.05038242,0.18616593
4549.6,0.48209372,0.18659577
4550.4,0.25168782,0.19075876
4551.2,0.18923683,0.19694781
4552.0,0.13460085,0.20355713
4552.8,0.413192,0.20935124
4553.6,0.038854253,0.2135858
4554.4,0.3813717,0.21594533
4555.2,0.15551859,0.21636024
4556.0,0.06376653,0.21486187
4556.8,0.43352434,0.21144032
4557.6,0.14313376,0.20608051
4558.4,0.3484987,0.19881378
4559.2,0.10000959,0.18975708
4560.0,0.16337265,0.17922282
4560.8,0.18483406,0.16776018
4561.6,0.1716484,0.15610023
4562.4,0.21003582,0.14512296
4563.2,0.2823692,0.13571446
4564.0,-0.28951272,0.12865423
4564.8,0.07584004,0.12442064
4565.6,0.2037731,0.12314736
4566.4,0.22588821,0.12456725
4567.2,0.12219261,0.12806126
4568.0,-0.07676287,0.13267726
4568.8,0.31856433,0.13728176
4569.6,0.005046177,0.14064589
4570.4,0.11994436,0.1416151
4571.2,0.41670048,0.13935664
4572.0,0.1888779,0.13350071
4572.8,0.19041722,0.12434588
4573.6,0.02452694,0.11286375
4574.4,0.07949957,0.100624375
4575.2,0.120358884,0.08953142
4576.0,0.013245686,0.081483565
4576.8,0.12172256,0.07801429
4577.6,-0.16657339,0.07997087
4578.4,-0.09582164,0.08730184
4579.2,0.03543552,0.09914884
4580.0,0.25227252,0.1140117
4580.8,0.19874161,0.13018258
4581.6,0.19588087,0.14613761
4582.4,0.30320612,0.16088165
4583.2,0.053788498,0.17406662
4584.0,0.2670914,0.18581295
4584.8,0.17855611,0.19646351
4585.6,0.09514105,0.2062378
4586.4,0.06684711,0.21498877
4587.2,0.32611495,0.22213219
4588.0,0.4151893,0.22679684
4588.8,0.27594474,0.22803785
4589.6,0.29633006,0.22507092
4590.4,0.23426098,0.21746542
4591.2,0.026473003,0.20522271
4592.0,0.4303602,0.18875511
4592.8,0.19069523,0.16886815
4593.6,0.3051745,0.14664404
4594.4,-0.08449156,0.12335873
4595.2,0.02363715,0.10032659
4596.0,0.21555395,0.07875128
4596.8,-0.0059016673,0.059571084
4597.6,-0.055658404,0.043334987
4598.4,-0.14687455,0.030241914
4599.2,0.22369103,0.020185273
4600.0,-0.15336473,0.012944144
4600.8,0.058955494,0.008398943
4601.6,0.19387317,0.0066803955
4602.4,-0.12732725,0.008185146
4603.2,-0.080024906,0.013476033
4604.0,-0.0661228,0.023103997
4604.8,-0.1370051,0.037368868
4605.6,0.18587874,0.05614871
4606.4,0.06196692,0.07883939
4607.2,0.02127731,0.10432593
4608.0,0.056605164,0.13113092
4608.8,0.25138378,0.15748818
4609.6,0.29677048,0.18156438
4610.4,0.06017369,0.20160085
4611.2,0.40641743,0.21604359
4612.0,0.4695116,0.22370233
4612.8,0.1399211,0.22389436
4613.6,0.13908426,0.21659076
4614.4,0.37348247,0.20246445
4615.2,0.4136148,0.18290545
4616.0,0.22993636,0.15992284
4616.8,0.11444487,0.13583392
4617.6,-0.17999357,0.11297015
4618.4,-0.12932529,0.09334786
4619.2,0.08185207,0.07843557
4620.0,0.09783449,0.069116846
4620.8,0.40523446,0.06566438
4621.6,-0.1200262,0.067838
4622.4,-0.3088284,0.07491768
4623.2,-0.059919767,0.08578695
4624.0,0.26501036,0.098959826
4624.8,0.22982374,0.11282207
4625.6,0.2202727,0.12587343
4626.4,0.18483365,0.13702574
4627.2,0.31562543,0.14571126
4628.0,-0.14570388,0.15194787
4628.8,0.19868213,0.15618798
4629.6,0.24760918,0.1591263
4630.4,0.18741816,0.16152863
4631.2,0.19017147,0.16406804
4632.0,-0.0050440645,0.16725014
4632.8,0.29222497,0.17136903
4633.6,0.17416447,0.1764292
4634.4,0.118841395,0.18214707
4635.2,-0.12508683,0.1879786
4636.0,0.5868556,0.19322388
4636.8,0.17449382,0.19719914
4637.6,0.3947672,0.19941327
4638.4,-0.07631978,0.19967082
4639.2,0.31940034,0.19811097
4640.0,0.16591479,0.19515336
4640.8,0.32432,0.1913504
4641.6,0.16487357,0.1872826
4642.4,-0.060062546,0.18334314
4643.2,0.36739743,0.17970581
4644.0,0.17693491,0.17623244
4644.8,-0.00719321,0.17250647
4645.6,0.29422957,0.16797876
4646.4,0.12719005,0.1620838
4647.2,0.39935887,0.15449853
4648.0,0.0714755,0.14521106
4648.8,0.09140622,0.13465904
4649.6,0.117504306,0.12367432
4650.4,0.20531705,0.11347842
4651.2,-0.041261934,0.10547872
4652.0,0.01781956,0.10114056
4652.8,0.26895013,0.10174523
4653.6,-0.08975136,0.108152434
4654.4,0.089706615,0.12049841
4655.2,-0.15121442,0.13804314
4656.0,0.07327666,0.15908323
4656.8,0.33670834,0.1811423
4657.6,0.22110689,0.20138106
4658.4,0.55169904,0.21707211
4659.2,0.14181572,0.22607183
4660.0,0.50442165,0.22719787
4660.8,0.15756203,0.22031143
4661.6,0.29582968,0.20627387
4662.4,0.13212252,0.18671755
4663.2,0.19033508,0.16380203
4664.0,0.31425476,0.13995913
4664.8,-0.060534287,0.117639475
4665.6,0.07576203,0.09911189
4666.4,-0.012477739,0.08618994
4667.2,-0.19902699,0.080121696
4668.0,0.1544653,0.08130425
4668.8,0.12027609,0.08931154
4669.6,-0.008228031,0.10289283
4670.4,-0.099899486,0.12012636
4671.2,0.2481336,0.1387498
4672.0,0.22530884,0.15650415
4672.8,0.32941106,0.1715693
4673.6,0.36132976,0.18283455
4674.4,0.15982382,0.19009763
4675.2,0.19582978,0.19394803
4676.0,0.13611838,0.19552721
4676.8,0.2809748,0.19610792
4677.6,-0.06384783,0.19671069
4678.4,0.45605025,0.1977876
4679.2,-0.22864656,0.19907555
4680.0,0.603254,0.19969985
4680.8,0.13974927,0.19841124
4681.6,-0.009754079,0.19393851
4682.4,0.54545814,0.18545185
4683.2,0.23799592,0.17284325
4684.0,0.21975823,0.15691675
4684.8,0.1514245,0.13929535
4685.6,0.08922097,0.122083195
4686.4,0.005909654,0.107294224
4687.2,-0.105055004,0.09635391
4688.0,-0.05389626,0.089681946
4688.8,0.011762195,0.08663502
4689.6,0.071172096,0.08581821
4690.4,0.33215016,0.08560444
4691.2,0.3112659,0.08474308
4692.0,0.122586094,0.08274853
4692.8,-0.058457598,0.08004985
4693.6,0.058389697,0.077622324
4694.4,-0.16734985,0.076666415
4695.2,0.15718812,0.07807266
4696.0,0.03975943,0.08215493
4696.8,-0.03178301,0.088688195
4697.6,0.14167666,0.09705658
4698.4,0.37865868,0.106594145
4699.2,-0.023224311,0.11682068
4700.0,0.1657965,0.12752351
4700.8,0.09397187,0.13863245
4701.6,0.00067084585,0.15000737
4702.4,0.19939308,0.16120403
4703.2,0.25311664,0.17140669
4704.0,0.09649915,0.17949088
4704.8,0.0839007,0.18434843
4705.6,0.64413375,0.18522605
4706.4,0.30041566,0.18205303
4707.2,-0.00967366,0.17556007
4708.0,0.263182,0.16715646
4708.8,0.057951204,0.15858708
4709.6,0.08036477,0.15149267
4710.4,0.065609604,0.1470022
4711.2,0.032394014,0.14547797
4712.0,0.087440096,0.14654964
4712.8,0.32497355,0.1493064
4713.6,0.19284126,0.15262423
4714.4,0.21172677,0.15551329
4715.2,-0.050491303,0.15740936
4716.0,0.35892126,0.15826528
4716.8,0.20836936,0.15849724
4717.6,0.2058148,0.15876862
4718.4,-0.012994779,0.15971753
4719.2,0.02721672,0.16163746
4720.0,0.22636251,0.16435324
4720.8,0.07111905,0.16715895
4721.6,0.28831732,0.16903077
4722.4,0.17901482,0.16899873
4723.2,0.4455723,0.16645879
4724.0,0.11508956,0.161459
4724.8,0.11022648,0.1547479
4725.6,0.03427415,0.14761852
4726.4,0.4162007,0.14158127
4727.2,-0.15995803,0.1379629
4728.0,-0.08813963,0.13757136
4728.8,0.21702021,0.14054061
4729.6,0.26659504,0.1463347
4730.4,-0.016348036,0.15396477
4731.2,0.30560648,0.16226187
4732.0,0.13014685,0.17022698
4732.8,0.27116853,0.17718954
4733.6,0.30721536,0.1829208
4734.4,0.06347234,0.1875218
4735.2,0.14730868,0.19125219
4736.0,0.1684741,0.19436647
4736.8,0.2193852,0.19696921
4737.6,0.17033291,0.19906591
4738.4,0.20810245,0.20057364
4739.2,0.4374034,0.20146666
4740.0,0.21958488,0.20183918
4740.8,-0.020732664,0.20189406
4741.6,0.013805333,0.20186217
4742.4,0.42065385,0.20190178
4743.2,0.39214924,0.2020194
4744.0,-0.00041460607,0.20198837
4744.8,0.24621236,0.2013271
4745.6,0.020493113,0.19935954
4746.4,0.33555385,0.19526012
4747.2,0.2720641,0.18819377
4748.0,0.29796836,0.1774842
4748.8,0.27177954,0.1627651
4749.6,-0.09889491,0.14415415
4750.4,0.24991459,0.12235707
4751.2,0.25470865,0.09867371
4752.0,0.042022686,0.07487393
4752.8,0.19188699,0.052941315
4753.6,-0.29759887,0.03473159
4754.4,-0.07602706,0.021545183
4755.2,-0.167172,0.013853504
4756.0,-0.02598027,0.011212966
4756.8,0.060581747,0.01242352
4757.6,0.124028705,0.015866615
4758.4,0.09496192,0.019896196
4759.2,0.10463364,0.023240073
4760.0,-0.11104331,0.025106514
4760.8,0.029512215,0.025210977
4761.6,0.1259952,0.023645755
4762.4,-0.03905209,0.020738157
4763.2,-0.0057962243,0.016921652
4764.0,0.08239137,0.012708602
4764.8,0.08265846,0.0086972825
4765.6,-0.11721258,0.0055487454
4766.4,0.035520136,0.0039047534
4767.2,-0.042310055,0.0043542963
4768.0,-0.09423907,0.0073131328
4768.8,-0.0035092088,0.012980703
4769.6,0.008036699,0.021342803
4770.4,0.14215653,0.032254286
4771.2,-0.13246849,0.045500096
4772.0,0.116215706,0.060831252
4772.8,0.2096234,0.077992685
4773.6,-0.10253206,0.09665667
4774.4,-0.01727987,0.11631915
4775.2,0.37929258,0.1362465
4776.0,0.094862156,0.15545021
4776.8,0.14486234,0.1727584
4777.6,0.11019384,0.18698567
4778.4,0.48601502,0.19717889
4779.2,0.23536657,0.20282844
4780.0,0.10197471,0.20399743
4780.8,0.5341548,0.20134673
4781.6,0.22929265,0.19592641
4782.4,-0.12939449,0.1888714
4783.2,0.020123426,0.18109566
4784.0,0.40806028,0.17303465
4784.8,0.11728828,0.16462027
4785.6,0.12367332,0.15542431
4786.4,0.22943805,0.14498416
4787.2,0.22392875,0.13306943
4788.0,0.19362274,0.11983289
4788.8,0.09350621,0.10580582
4789.6,0.08822171,0.091707475
4790.4,-0.16801602,0.07814841
4791.2,-0.021666389,0.065446295
4792.0,0.1840654,0.053578623
4792.8,0.08564338,0.042329654
4793.6,0.14473219,0.03149963
4794.4,0.1024214,0.02109707
4795.2,-0.20386375,0.011491787
4796.0,-0.022922473,0.0032627655
4796.8,0.06670126,-0.002972355
4797.6,-0.046836276,-0.0067996685
4798.4,-0.18737057,-0.008167424
4799.2,-0.039978866,-0.0074715787
4800.0,0.0997928,-0.0053981654
4800.8,0.056643985,-0.0027189031
4801.6,-0.013778493,-5.480707e-05
4802.4,-0.0058281138,0.0023160742
4803.2,0.13506864,0.0045357444
4804.0,-0.042534113,0.0071029826
4804.8,-0.11790553,0.010722711
4805.6,-0.11865219,0.016113631
4806.4,0.27134895,0.023782305
4807.2,-0.12027299,0.033835765
4808.0,0.054496046,0.045896668
4808.8,-0.080758825,0.059083074
4809.6,0.048175454,0.07208956
4810.4,0.095848665,0.08343973
4811.2,0.36347395,0.09169659
4812.0,0.1903589,0.09577555
4812.8,0.11666774,0.0950893
4813.6,0.08220271,0.08964382
4814.4,0.027397575,0.079968505
4815.2,0.02611237,0.06701612
4816.0,0.26203543,0.05204194
4816.8,0.04274858,0.03649798
4817.6,-0.09133503,0.02193015
4818.4,-0.008575336,0.009805092
4819.2,-0.0034782141,0.0013249185
4820.0,-0.14833173,-0.002786354
4820.8,-0.13355584,-0.0024544958
4821.6,-0.01471415,0.0016375117
4822.4,-0.10949076,0.008209307
4823.2,0.35026965,0.015574902
4824.0,-0.10654727,0.021991782
4824.8,0.09770975,0.02597809
4825.6,0.022647908,0.02658581
4826.4,0.17601152,0.023535676
4827.2,0.058521345,0.017238451
4828.0,0.0031358078,0.0086936485
4828.8,-0.04401008,-0.0007037756
4829.6,-0.07700779,-0.009416869
4830.4,0.032221314,-0.016024046
4831.2,-0.0487169,-0.019503891
4832.0,-0.2550613,-0.019416733
4832.8,-0.042916715,-0.015980667
4833.6,0.12177807,-0.010034948
4834.4,-0.12309478,-0.0028615068
4835.2,0.022721054,0.0041184067
4836.0,0.1129178,0.009655613
4836.8,0.14421295,0.012955691
4837.6,0.09769118,0.0138754975
4838.4,-0.08998049,0.01287236
4839.2,-0.019889588,0.0109065175
4840.0,0.0362333,0.0091339275
4840.8,0.0064760232,0.008643132
4841.6,-0.062079463,0.010150078
4842.4,-0.14741366,0.013905783
4843.2,-0.0026836344,0.019661037
4844.0,0.13306195,0.026844298
4844.8,0.09692877,0.03472028
4845.6,0.09301699,0.042565603
4846.4,0.043908045,0.049771156
4847.2,-0.06804984,0.05586838
4848.0,0.10316745,0.060463253
4848.8,0.042033773,0.06318992
4849.6,0.11326453,0.06373447
4850.4,0.2260331,0.061831094
4851.2,0.11667432,0.05726908
4852.0,0.022524973,0.049949255
4852.8,-0.21697363,0.03987494
4853.6,0.17832375,0.027187513
4854.4,0.057827692,0.012217317
4855.2,0.3193713,-0.0044387463
4856.0,-0.2298416,-0.021889383
4856.8,-0.056105323,-0.038989436
4857.6,-0.090447724,-0.054424968
4858.4,-0.24754658,-0.066917345
4859.2,-0.14824767,-0.07537119
4860.0,0.16152397,-0.07903714
4860.8,-0.061586794,-0.077625796
4861.6,-0.4510522,-0.07136541
4862.4,-0.2615216,-0.060982782
4863.2,0.22422269,-0.04764765
4864.0,-0.06015354,-0.032772575
4864.8,-0.009900353,-0.017802184
4865.6,0.14125812,-0.003997825
4866.4,0.09254105,0.0077075623
4867.2,-0.13696271,0.016764244
4868.0,-0.030177608,0.022999067
4868.8,0.13946456,0.02650607
4869.6,0.040348854,0.027623568
4870.4,0.3040517,0.026794497
4871.2,-0.10289084,0.02451067
4872.0,-0.13851213,0.021234583
4872.8,-0.037938446,0.017350068
4873.6,-0.007472042,0.013197772
4874.4,0.0903232,0.009216367
4875.2,0.2754833,0.006027665
4876.0,-0.014152006,0.0044796905
4876.8,-0.13117275,0.0055330126
4877.6,-0.23032825,0.010015984
4878.4,-0.07661533,0.018275352
4879.2,-0.06620986,0.029981593
4880.0,0.1508062,0.044173412
4880.8,0.24039286,0.059475835
4881.6,-0.03053281,0.074462995
4882.4,0.098209895,0.088059865
4883.2,0.35992786,0.09972237
4884.0,0.0368673,0.1094075
4884.8,0.009722267,0.11742104
4885.6,0.16023906,0.12410706
4886.4,-0.034443725,0.12968934
4887.2,0.16286552,0.13418849
4888.0,0.30052614,0.13748792
4888.8,0.3546234,0.13949034
4889.6,0.0053537707,0.14026365
