desi_paper_data/Figure3_lae.ecsv
# %ECSV 1.0
# ---
# datatype:
# - {name: lambda, datatype: float32}
# - {name: RawFlux, datatype: float32}
# - {name: SmoothedFlux, datatype: float32}
# delimiter: ','
# schema: astropy-2.0
lambda,RawFlux,SmoothedFlux
[from data line 3791]
6632.8,0.1497704,0.068801336
6633.6,0.055208642,0.06787077
6634.4,0.08879103,0.06600469
6635.2,0.11580026,0.06348503
6636.0,0.030434981,0.06073212
6636.8,-0.03287984,0.058254477
6637.6,0.09546123,0.056597926
6638.4,0.058507185,0.056266416
6639.2,0.033493534,0.05765231
6640.0,0.09131597,0.06096899
6640.8,-0.05404367,0.06619342
6641.6,0.052047778,0.07302265
6642.4,0.03271803,0.08089843
6643.2,0.17826492,0.08907635
6644.0,0.11238049,0.096741535
6644.8,0.15365712,0.10314627
6645.6,0.092115656,0.10774016
6646.4,0.12033322,0.110238664
6647.2,0.23594022,0.110648125
6648.0,0.046087816,0.109213546
6648.8,0.08352226,0.10636544
6649.6,0.1137704,0.102624334
6650.4,0.11681821,0.09853375
6651.2,0.15900224,0.09458649
6652.0,0.0071802344,0.09117872
6652.8,0.007959168,0.08856614
6653.6,0.13253146,0.08684936
6654.4,0.07771292,0.08600612
6655.2,0.089577705,0.08590792
6656.0,0.104940444,0.08638727
6656.8,0.093456894,0.08725816
6657.6,0.057043467,0.088357
6658.4,0.089643404,0.08953997
6659.2,0.055939976,0.09069239
6660.0,0.12592338,0.09174133
6660.8,0.100923575,0.09266725
6661.6,0.1916524,0.09351744
6662.4,0.023910899,0.09437556
6663.2,0.03340974,0.095339365
6664.0,0.0793425,0.0964848
6664.8,0.113201864,0.09783152
6665.6,0.18525329,0.09935935
6666.4,0.049139585,0.101013474
6667.2,0.09980268,0.10274221
6668.0,0.096207954,0.1045007
6668.8,0.14845768,0.10622851
6669.6,0.06932854,0.10783361
6670.4,0.056684192,0.1091512
6671.2,0.17161869,0.10996977
6672.0,0.12101278,0.110040374
6672.8,0.14528817,0.10915977
6673.6,0.094652556,0.107216805
6674.4,0.10269962,0.10426558
6675.2,0.15475115,0.10052687
6676.0,0.07498917,0.09636799
6676.8,0.12940888,0.09222688
6677.6,0.022693282,0.088532805
6678.4,0.055014867,0.0856116
6679.2,0.041417364,0.08362423
6680.0,0.115181044,0.082569145
6680.8,0.10029402,0.08230134
6681.6,0.043085948,0.08261793
6682.4,0.18063058,0.08331594
6683.2,-0.037428167,0.08425122
6684.0,0.1502756,0.08535685
6684.8,0.055314444,0.08663413
6685.6,0.15183651,0.088144556
6686.4,0.012218292,0.08996116
6687.2,0.075674355,0.0921586
6688.0,0.15675391,0.09479702
6688.8,0.087049425,0.09789233
6689.6,0.047626987,0.101415284
6690.4,0.11069362,0.105247855
6691.2,0.15793161,0.10920194
6692.0,0.061703652,0.1129982
6692.8,0.1155832,0.116325386
6693.6,0.10702722,0.11890022
6694.4,0.19140594,0.120547034
6695.2,0.18997437,0.1212469
6696.0,0.117067724,0.12114063
6696.8,0.11908827,0.12047227
6697.6,0.00815565,0.11945969
6698.4,0.13816805,0.11823606
6699.2,0.12789445,0.11677642
6700.0,0.056716993,0.114968404
6700.8,0.2375717,0.11270607
6701.6,0.13392037,0.110026665
6702.4,0.19644496,0.107165374
6703.2,-0.03851064,0.104521796
6704.0,0.08915161,0.10253655
6704.8,0.0530267,0.10154261
6705.6,0.061408963,0.10163068
6706.4,0.13026577,0.10260563
6707.2,0.1454507,0.104049645
6708.0,0.08400127,0.10546134
6708.8,0.131828,0.1064144
6709.6,0.17602323,0.10667932
6710.4,0.04143814,0.10629117
6711.2,0.15123193,0.105521366
6712.0,0.11676409,0.10479811
6712.8,0.08003157,0.104567744
6713.6,0.026759738,0.1051579
6714.4,0.09619937,0.10664745
6715.2,0.105245344,0.10884474
6716.0,0.14555073,0.11129312
6716.8,0.064114556,0.113394625
6717.6,0.13553475,0.114557356
6718.4,0.19461821,0.11435492
6719.2,0.24502105,0.11262464
6720.0,0.05606217,0.10948595
6720.8,0.026688838,0.105304874
6721.6,0.078274995,0.100577585
6722.4,0.07451255,0.0958225
6723.2,0.21950498,0.09150519
6724.0,0.030775497,0.08797516
6724.8,0.084293835,0.085436046
6725.6,-0.035070572,0.08395117
6726.4,0.1215972,0.08343701
6727.2,0.054149956,0.08369888
6728.0,0.13884257,0.084470585
6728.8,0.15343852,0.08547097
6729.6,-0.009858241,0.08646502
6730.4,0.100297205,0.08729836
6731.2,0.07864978,0.08791412
6732.0,0.16991627,0.08834076
6732.8,0.020078074,0.08867191
6733.6,0.12016083,0.089021474
6734.4,0.11171492,0.089471474
6735.2,0.009498632,0.0900482
6736.0,0.08924046,0.090707995
6736.8,0.10448964,0.09134721
6737.6,0.12517162,0.091858916
6738.4,0.13988422,0.09216838
6739.2,0.052649602,0.09229047
6740.0,0.07405763,0.09231848
6740.8,0.14842418,0.092407584
6741.6,0.032369982,0.09268653
6742.4,0.07922072,0.09322242
6743.2,0.057279103,0.09396487
6744.0,0.17420477,0.09474647
6744.8,0.06443276,0.09534388
6745.6,0.1007709,0.09551611
6746.4,0.12566614,0.09508615
6747.2,0.1055873,0.09396988
6748.0,0.084638014,0.09220754
6748.8,0.09987657,0.08993567
6749.6,0.08319399,0.087347016
6750.4,0.08661508,0.08464773
6751.2,0.08302244,0.08199483
6752.0,0.05659787,0.07946565
6752.8,0.03846898,0.07705033
6753.6,0.1387727,0.074673586
6754.4,0.013849182,0.072257325
6755.2,0.13350607,0.0697833
6756.0,0.107504986,0.06732965
6756.8,-0.0005991403,0.06510591
6757.6,0.08936376,0.06341836
6758.4,0.031407025,0.06261846
6759.2,0.015928103,0.06304116
6760.0,0.03930916,0.06495368
6760.8,0.10552292,0.06851555
6761.6,0.08381033,0.07374407
6762.4,0.029994346,0.080495216
6763.2,0.052203782,0.08844695
6764.0,0.060302917,0.09708925
6764.8,0.11609032,0.10576197
6765.6,0.16484478,0.11371822
6766.4,0.14885245,0.12022998
6767.2,0.170423,0.12469966
6768.0,0.19331184,0.12674892
6768.8,0.07755814,0.12626718
6769.6,0.10798084,0.1234361
6770.4,0.2382763,0.118693754
6771.2,0.09973398,0.11267667
6772.0,0.090349734,0.1061511
6772.8,0.06766091,0.099896036
6773.6,0.10761852,0.094585225
6774.4,0.04637742,0.0906604
6775.2,0.009315319,0.08824951
6776.0,0.083268784,0.08714881
6776.8,0.072879344,0.086886816
6777.6,0.14391817,0.08687179
6778.4,0.11093496,0.08657543
6779.2,0.08656125,0.085702136
6780.0,0.1767295,0.084267
6780.8,0.077371284,0.08256427
6781.6,0.016307157,0.081049964
6782.4,0.012250887,0.08015103
6783.2,0.061500292,0.08010628
6784.0,0.0619981,0.08089317
6784.8,0.07630647,0.082273774
6785.6,0.11906615,0.08388975
6786.4,0.1952744,0.08541713
6787.2,0.113479145,0.086663015
6788.0,-0.018175902,0.08757756
6788.8,0.03058529,0.08820205
6789.6,0.12941083,0.08857158
6790.4,0.12441544,0.088660486
6791.2,0.061846804,0.08834674
6792.0,0.115751654,0.08746378
6792.8,0.13456447,0.0858824
6793.6,0.01770338,0.083589025
6794.4,0.11675543,0.0807521
6795.2,0.118540324,0.07771588
6796.0,0.11921879,0.07494991
6796.8,-0.027298046,0.07295395
6797.6,0.035903495,0.072147995
6798.4,0.04371631,0.072773956
6799.2,0.024801949,0.074853815
6800.0,0.14517936,0.07819217
6800.8,0.08734094,0.082457885
6801.6,0.119608715,0.08724204
6802.4,-0.0068861623,0.09214453
6803.2,0.12462548,0.096840136
6804.0,0.16543898,0.10109193
6804.8,0.088551775,0.104765214
6805.6,0.14110586,0.107797205
6806.4,0.08861513,0.110193245
6807.2,0.079397015,0.11198585
6808.0,0.14473478,0.11320638
6808.8,0.14382643,0.11386695
6809.6,0.09955283,0.113965906
6810.4,0.09998787,0.113493375
6811.2,0.10786662,0.112455554
6812.0,0.19434637,0.11092587
6812.8,0.013856272,0.10905295
6813.6,0.18492702,0.10705898
6814.4,0.13987201,0.105207354
6815.2,0.014941679,0.103733145
6816.0,0.09267721,0.10277443
6816.8,0.022830306,0.10232451
6817.6,0.19331604,0.102240615
6818.4,0.08985392,0.10227574
6819.2,0.12252349,0.102134
6820.0,0.10919119,0.10154602
6820.8,0.17396985,0.10029227
6821.6,-0.022736276,0.09820977
6822.4,0.100578,0.09519949
6823.2,0.16483697,0.09122819
6824.0,0.087933086,0.086384654
6824.8,0.1181841,0.080934614
6825.6,0.08434634,0.07536974
6826.4,0.058797106,0.07039958
6827.2,0.011294905,0.066863
6828.0,0.09936347,0.06558843
6828.8,-0.0057353,0.06719197
6829.6,-0.050481297,0.07189454
6830.4,0.009409403,0.07944099
6831.2,0.15196565,0.08908629
6832.0,0.10534609,0.099736825
6832.8,0.111579,0.110163644
6833.6,0.17761315,0.1192511
6834.4,0.16415752,0.12621062
6835.2,0.25493518,0.13070484
6836.0,0.11270136,0.132827
6836.8,0.10978563,0.13301003
6837.6,0.08015365,0.13184755
6838.4,0.15393044,0.12991735
6839.2,0.09991056,0.12765244
6840.0,0.14963275,0.12529649
6840.8,0.12841018,0.122906715
6841.6,0.17136037,0.1204085
6842.4,0.029030671,0.11768988
6843.2,0.11819236,0.11464093
6844.0,0.1915688,0.11123147
6844.8,0.070727155,0.10753718
6845.6,0.15891238,0.10374789
6846.4,0.08268033,0.100135736
6847.2,0.036089458,0.097015694
6848.0,0.08816009,0.094684154
6848.8,0.09898783,0.09335996
6849.6,0.06691531,0.093156055
6850.4,0.07206494,0.094057426
6851.2,0.17089169,0.09593457
6852.0,0.011661974,0.09854076
6852.8,0.100793526,0.10156179
6853.6,0.13846989,0.10460704
6854.4,0.027132107,0.10728357
6855.2,0.23755436,0.10925009
6856.0,0.11622234,0.110291086
6856.8,0.101525046,0.11035615
6857.6,0.1100364,0.10963095
6858.4,0.11263174,0.1085301
6859.2,0.094921395,0.10763499
6860.0,0.13137871,0.10759996
6860.8,0.122316785,0.10897443
6861.6,0.06638469,0.1120453
6862.4,-0.021002924,0.11668262
6863.2,0.031564325,0.1223166
6864.0,0.20899938,0.12804872
6864.8,0.10077625,0.13289101
6865.6,0.43591768,0.13608682
6866.4,0.23122363,0.1373127
6867.2,0.0141884675,0.13676062
6868.0,0.017575933,0.13500167
6868.8,0.22022602,0.13271376
6869.6,0.045175776,0.13041987
6870.4,0.019525563,0.12829635
6871.2,0.15916741,0.1262048
6872.0,0.25315326,0.123839974
6872.8,0.271904,0.12094348
6873.6,0.018148065,0.117470086
6874.4,0.10246384,0.113643624
6875.2,0.025836522,0.10987192
6876.0,0.081609525,0.10659216
6876.8,0.19766243,0.10411939
6877.6,0.0066116476,0.10255241
6878.4,0.109158434,0.101765156
6879.2,0.13644278,0.10144417
6880.0,0.08292838,0.101220176
6880.8,0.06992292,0.10073278
6881.6,0.148738,0.099731825
6882.4,0.20538743,0.09813286
6883.2,0.020871172,0.09602654
6884.0,0.03482681,0.09364961
6884.8,0.1304777,0.09131968
6885.6,0.14150937,0.089379795
6886.4,0.030029818,0.088116184
6887.2,0.040959444,0.08770089
6888.0,0.092513636,0.08815941
6888.8,0.0752464,0.0893864
6889.6,0.100771576,0.091183156
6890.4,0.110736236,0.09330709
6891.2,0.116572216,0.09556259
6892.0,0.04740652,0.09781418
6892.8,0.1475889,0.100015305
6893.6,0.124275066,0.102170706
6894.4,0.077802196,0.10426943
6895.2,0.09623205,0.1062349
6896.0,-0.02619134,0.10791163
6896.8,0.23284021,0.109095424
6897.6,0.16491364,0.10958737
6898.4,0.14178644,0.109282926
6899.2,0.13017188,0.10820811
6900.0,0.027363434,0.10652459
6900.8,0.09316442,0.104471974
6901.6,0.03985637,0.10231727
6902.4,0.25164735,0.10031341
6903.2,0.03885456,0.09864384
6904.0,0.10642536,0.09742927
6904.8,0.081790425,0.09670041
6905.6,0.0004910023,0.096403785
6906.4,0.11820328,0.09638953
6907.2,0.17549793,0.096441254
6908.0,0.10615804,0.09630514
6908.8,0.055662565,0.09574718
6909.6,0.10109017,0.09460341
6910.4,0.09683459,0.092817806
6911.2,0.14433493,0.090490736
6912.0,0.04586138,0.08783339
6912.8,0.14100951,0.08515545
6913.6,0.09690297,0.082794785
6914.4,-0.060615417,0.081036486
6915.2,0.12827267,0.08006824
6916.0,0.02551222,0.079939775
6916.8,0.1390892,0.08059773
6917.6,0.06171547,0.08191741
6918.4,0.11348978,0.08377639
6919.2,0.08975574,0.08607826
6920.0,0.058718555,0.08873152
6920.8,0.043035448,0.09160839
6921.6,0.14850001,0.09447375
6922.4,0.08528804,0.0969705
6923.2,9.807261e-05,0.0986401
6924.0,0.21993995,0.09902736
6924.8,0.14533505,0.09779456
6925.6,0.14884503,0.09483479
6926.4,0.13570286,0.090315126
6927.2,0.010670252,0.08466988
6928.0,0.026002621,0.07850393
6928.8,0.09149034,0.072480634
6929.6,0.0848517,0.067229986
6930.4,0.0876546,0.063234575
6931.2,-0.004480673,0.060813293
6932.0,0.004458959,0.06006854
6932.8,0.028788654,0.060915694
6933.6,0.11293328,0.06310903
6934.4,0.003538625,0.066314936
6935.2,0.14013039,0.070169576
6936.0,0.085158825,0.074354604
6936.8,0.07389603,0.07860521
6937.6,0.064657815,0.082705416
6938.4,0.06481156,0.08647024
6939.2,0.062145095,0.08970099
6940.0,0.14527026,0.09219971
6940.8,0.12253195,0.09380687
6941.6,0.11245289,0.09444431
6942.4,0.16668876,0.094171606
6943.2,-0.026232688,0.09319216
6944.0,0.12988871,0.09182066
6944.8,0.1122487,0.090427436
6945.6,0.112795725,0.08934583
6946.4,0.0024392253,0.0888139
6947.2,0.10351111,0.08891938
6948.0,0.038154174,0.089598835
6948.8,0.13041899,0.090656206
6949.6,0.11488755,0.09183247
6950.4,0.095510595,0.092864335
6951.2,0.10798085,0.093544364
6952.0,0.09769706,0.09374816
6952.8,0.058469746,0.09343753
6953.6,0.11732929,0.09265532
6954.4,0.0911211,0.091493964
6955.2,0.1229317,0.090063706
6956.0,0.10187321,0.08845259
6956.8,0.028248882,0.08670632
6957.6,0.097665705,0.08478892
6958.4,0.043918975,0.08262236
6959.2,0.101864815,0.08011553
6960.0,0.112239145,0.07724456
6960.8,0.12914482,0.074098766
6961.6,0.12232999,0.07091537
6962.4,-0.012924093,0.06802096
6963.2,-0.039270382,0.06576748
6964.0,0.05840868,0.06442336
6964.8,0.13683294,0.064120665
6965.6,0.02942171,0.06484529
6966.4,0.08234835,0.066468515
6967.2,0.047369115,0.06879777
6968.0,0.08669429,0.071632326
6968.8,0.024365127,0.07478751
6969.6,0.11263029,0.078113385
6970.4,0.08474917,0.081498824
6971.2,0.09300927,0.08488815
6972.0,0.061456766,0.08829792
6972.8,0.12814626,0.09181547
6973.6,0.09164761,0.09557666
6974.4,0.11411253,0.09970681
6975.2,0.036931925,0.1042403
6976.0,0.12516342,0.10902365
6976.8,0.0930039,0.11367533
6977.6,0.07976605,0.117608964
6978.4,0.13850628,0.120147936
6979.2,0.21895596,0.12068844
6980.0,0.20399077,0.11888269
6980.8,0.15202117,0.114762574
6981.6,0.11109548,0.10875351
6982.4,0.09696772,0.101578586
6983.2,0.016114376,0.094077446
6984.0,0.048725855,0.08702364
6984.8,0.05483568,0.08098404
6985.6,0.12966108,0.07627043
6986.4,0.06985088,0.072961524
6987.2,0.006414021,0.07098564
6988.0,0.12424022,0.07019993
6988.8,0.028288241,0.070440896
6989.6,0.05453432,0.07153316
6990.4,0.060902286,0.073285975
6991.2,0.12932847,0.07546554
6992.0,0.025506288,0.0777868
6992.8,0.086150885,0.0799458
6993.6,0.07127215,0.08164921
6994.4,0.11754885,0.08269412
6995.2,0.12758276,0.08301525
6996.0,0.13129783,0.08271929
6996.8,0.03526299,0.08204958
6997.6,0.027947214,0.08132535
6998.4,0.10652728,0.08083172
6999.2,0.09641016,0.08072421
