desi_paper_data/Figure3_lbg.ecsv
# %ECSV 1.0
# ---
# datatype:
# - {name: lambda, datatype: float32}
# - {name: RawFlux, datatype: float32}
# - {name: SmoothedFlux, datatype: float32}
# delimiter: ','
# schema: astropy-2.0
lambda,RawFlux,SmoothedFlux
[from data line 2720]
5776.0,0.41799107,0.23938587
5776.8,0.21781321,0.23964249
5777.6,0.3895632,0.23452811
5778.4,0.32287216,0.22499369
5779.2,0.15280667,0.21271023
5780.0,0.21612121,0.19971639
5780.8,0.1641358,0.18804774
5781.6,-0.04570054,0.17932276
5782.4,-0.0498675,0.17446643
5783.2,0.3518122,0.17370482
5784.0,0.18052807,0.17663854
5784.8,0.18001816,0.1825162
5785.6,0.23701577,0.1904887
5786.4,0.14265114,0.19977094
5787.2,0.14109333,0.20970383
5788.0,0.33335438,0.21969868
5788.8,0.094683774,0.22916266
5789.6,0.2539903,0.2374295
5790.4,0.43577686,0.24385725
5791.2,0.11535573,0.24791399
5792.0,0.3406049,0.24929643
5792.8,0.30391985,0.24804388
5793.6,0.36719933,0.24445938
5794.4,0.31848797,0.23895745
5795.2,-0.039845042,0.23183008
5796.0,0.12438487,0.22306831
5796.8,0.27792788,0.21232206
5797.6,0.2537856,0.19916771
5798.4,0.40866104,0.18349595
5799.2,0.28073505,0.16591471
5800.0,0.059143987,0.14805733
5800.8,0.15690966,0.13242787
5801.6,0.3547534,0.12193598
5802.4,-0.40965647,0.11911982
5803.2,-0.4241831,0.1253424
5804.0,0.26582772,0.14030431
5804.8,0.012699569,0.16199261
5805.6,0.37845066,0.18710849
5806.4,0.49442342,0.21186231
5807.2,0.28878957,0.2328065
5808.0,0.17194386,0.24749908
5808.8,0.58571196,0.2548024
5809.6,0.25058192,0.2548285
5810.4,0.015829716,0.24863862
5811.2,0.5701156,0.23780201
5812.0,0.08267095,0.22397235
5812.8,0.25104132,0.20856024
5813.6,0.03655182,0.19257592
5814.4,0.16337788,0.17660576
5815.2,0.23448588,0.16094528
5816.0,0.20512205,0.14580154
5816.8,0.1460561,0.1314497
5817.6,0.06427222,0.11839361
5818.4,0.17180821,0.10740075
5819.2,-0.007724623,0.09934996
5820.0,-0.050358623,0.09509606
5820.8,0.09251426,0.09525426
5821.6,0.08507132,0.10002181
5822.4,0.13718921,0.10906798
5823.2,-0.0030585162,0.121602856
5824.0,-0.051170338,0.13643909
5824.8,0.31034908,0.15223967
5825.6,0.24238299,0.16776851
5826.4,0.325683,0.1820632
5827.2,0.26173827,0.19456655
5828.0,0.109851986,0.20504606
5828.8,0.0639045,0.2134842
5829.6,0.24361594,0.21987484
5830.4,0.3079058,0.22412564
5831.2,0.3253597,0.22605465
5832.0,0.30961472,0.22547348
5832.8,0.1197764,0.22234759
5833.6,0.17677842,0.21688752
5834.4,0.46077552,0.20961758
5835.2,0.11244025,0.20132068
5836.0,0.15597057,0.19294529
5836.8,0.042389624,0.18546237
5837.6,0.32107145,0.17972793
5838.4,0.070414245,0.17639992
5839.2,0.14551139,0.17583816
5840.0,0.20810793,0.17806067
5840.8,0.056318954,0.18272538
5841.6,0.23218676,0.18918787
5842.4,0.13413198,0.19660641
5843.2,0.16259372,0.20411043
5844.0,0.3695738,0.21100193
5844.8,0.32614672,0.21687807
5845.6,0.28874162,0.22167827
5846.4,0.06454402,0.2255926
5847.2,0.18487439,0.22888365
5848.0,0.100749664,0.23170373
5848.8,0.36486524,0.23401727
5849.6,0.38898057,0.23559545
5850.4,0.08477344,0.23618694
5851.2,0.35762176,0.23565418
5852.0,0.18085241,0.23414506
5852.8,0.36730066,0.23206383
5853.6,0.1661988,0.23000056
5854.4,0.1303365,0.22853056
5855.2,0.20317975,0.22800736
5856.0,0.17560722,0.22842868
5856.8,0.28144336,0.22941077
5857.6,0.21839085,0.23029694
5858.4,0.237268,0.23035896
5859.2,0.26069838,0.22903828
5860.0,0.41442373,0.22610478
5860.8,0.23826192,0.2216998
5861.6,0.109030955,0.21628103
5862.4,0.085099936,0.21040405
5863.2,0.29539123,0.20454438
5864.0,0.13705465,0.19893771
5864.8,0.23792957,0.1935225
5865.6,0.19871104,0.18802537
5866.4,0.19372569,0.18207477
5867.2,0.14721867,0.17540692
5868.0,0.2554174,0.1680069
5868.8,0.107756585,0.16021082
5869.6,0.19566754,0.1527107
5870.4,0.2781851,0.14644983
5871.2,-0.05033865,0.142401
5872.0,0.059874922,0.14130706
5872.8,0.086466305,0.1434524
5873.6,-0.005862836,0.1485217
5874.4,0.23939736,0.15563269
5875.2,0.28230155,0.16350688
5876.0,0.17661555,0.17076927
5876.8,0.14026414,0.17623654
5877.6,0.2753229,0.1791542
5878.4,0.26774108,0.17929249
5879.2,0.18538834,0.17699882
5880.0,0.096709535,0.17298868
5880.8,0.22134818,0.16819708
5881.6,0.18557091,0.16355617
5882.4,0.0055536022,0.15978064
5883.2,0.20005436,0.15722829
5884.0,0.1284737,0.15588282
5884.8,0.07215825,0.1554311
5885.6,0.20052697,0.15541252
5886.4,0.28739417,0.15546274
5887.2,0.18609998,0.15550792
5888.0,0.026689216,0.15583307
5888.8,0.18219982,0.15702686
5889.6,0.34026822,0.15974168
5890.4,0.12647353,0.164372
5891.2,-0.44624212,0.17078796
5892.0,0.40287942,0.17823209
5892.8,0.33232406,0.18546197
5893.6,0.16045444,0.19109957
5894.4,0.42935425,0.19407398
5895.2,0.3732524,0.19397536
5896.0,0.13452189,0.19117396
5896.8,-0.0011005347,0.18666534
5897.6,0.13115014,0.18175046
5898.4,0.23625892,0.17763095
5899.2,0.085381106,0.17511627
5900.0,0.17917967,0.1745191
5900.8,0.19464251,0.17569523
5901.6,0.13573423,0.17820454
5902.4,0.20765075,0.18149689
5903.2,0.21543443,0.18507622
5904.0,0.23542067,0.1885696
5904.8,0.11169377,0.19175096
5905.6,0.17439204,0.19450939
5906.4,0.2219457,0.19687958
5907.2,0.28329685,0.1989468
5908.0,0.19162227,0.20082979
5908.8,0.17377047,0.20263518
5909.6,0.1659509,0.20438834
5910.4,0.17499118,0.20597441
5911.2,0.23933522,0.20715207
5912.0,0.17422576,0.20763236
5912.8,0.2772799,0.20718655
5913.6,0.28940162,0.20574005
5914.4,0.23697905,0.2034648
5915.2,0.13907468,0.20073316
5916.0,0.1944043,0.19801983
5916.8,0.11538376,0.19574906
5917.6,0.11585259,0.19416885
5918.4,0.2660779,0.19330366
5919.2,0.27843478,0.19298977
5920.0,0.15878913,0.19296677
5920.8,0.1714601,0.19301079
5921.6,0.0955475,0.19300954
5922.4,0.3274868,0.19299473
5923.2,0.29980356,0.19312476
5924.0,0.07610558,0.1935917
5924.8,0.042825814,0.19455075
5925.6,0.25420418,0.19607365
5926.4,0.21367621,0.19813025
5927.2,0.2813388,0.20063849
5928.0,0.15795982,0.20351198
5928.8,0.23754631,0.20668069
5929.6,0.21141098,0.21006024
5930.4,0.1471192,0.2135076
5931.2,0.10896109,0.21673797
5932.0,0.3441958,0.21932307
5932.8,0.21576229,0.22074467
5933.6,0.32554942,0.2204954
5934.4,0.24107753,0.21821545
5935.2,0.118645,0.21380934
5936.0,0.31553742,0.2075056
5936.8,0.24517986,0.19987473
5937.6,0.13121444,0.19176559
5938.4,0.19022806,0.18420509
5939.2,0.18922962,0.17828341
5940.0,0.096912846,0.17498972
5940.8,0.10562833,0.1750459
5941.6,0.1504772,0.17878002
5942.4,0.07821308,0.18603136
5943.2,0.22796299,0.19614217
5944.0,0.20249382,0.20799896
5944.8,0.22182558,0.22016963
5945.6,0.27496874,0.23107706
5946.4,0.24220803,0.23923597
5947.2,0.30578277,0.24349628
5948.0,0.31099066,0.24327783
5948.8,0.362675,0.23871613
5949.6,0.35494238,0.23067307
5950.4,0.25358716,0.22057877
5951.2,0.021541867,0.2101029
5952.0,0.0989941,0.20076224
5952.8,0.105702505,0.19360398
5953.6,0.17296608,0.18901838
5954.4,0.19595583,0.1867767
5955.2,0.250801,0.1862327
5956.0,0.2833989,0.1866015
5956.8,0.11370256,0.18718101
5957.6,0.16203475,0.1875131
5958.4,0.23524955,0.18737903
5959.2,0.10505231,0.18675242
5960.0,0.24968185,0.18573295
5960.8,0.22203848,0.18446967
5961.6,0.16165818,0.18311599
5962.4,0.18717189,0.1818208
5963.2,0.12634097,0.1806977
5964.0,0.20214936,0.17982619
5964.8,0.13748296,0.17925216
5965.6,0.22126296,0.17901203
5966.4,0.18749365,0.17917538
5967.2,0.20103511,0.17985879
5968.0,0.14422657,0.18122162
5968.8,0.20016314,0.18341193
5969.6,0.0772982,0.18649897
5970.4,0.2285651,0.19038713
5971.2,0.254744,0.19476943
5972.0,0.08496801,0.19916795
5972.8,0.17663902,0.20303166
5973.6,0.3723385,0.20586558
5974.4,0.1955114,0.20738682
5975.2,0.29126906,0.20760173
5976.0,0.19021851,0.20680884
5976.8,0.17215721,0.20549606
5977.6,0.122520454,0.20417511
5978.4,0.1897899,0.20321716
5979.2,0.22362743,0.2027348
5980.0,0.23254487,0.20255919
5980.8,0.20639247,0.20228843
5981.6,0.112505384,0.2014384
5982.4,0.25605637,0.19958459
5983.2,0.32557786,0.1965161
5984.0,0.23816608,0.19230953
5984.8,0.10308357,0.18735848
5985.6,0.13458343,0.18229568
5986.4,0.2156564,0.17786047
5987.2,0.18228632,0.17477389
5988.0,0.08562556,0.1735895
5988.8,0.14293912,0.17455806
5989.6,0.1602946,0.17759772
5990.4,0.19985744,0.18226305
5991.2,0.11677471,0.18784274
5992.0,0.18664062,0.19345309
5992.8,0.31450683,0.19822642
5993.6,0.19660962,0.20144966
5994.4,0.27432483,0.20270525
5995.2,0.2396392,0.20194136
5996.0,0.18390998,0.19943137
5996.8,0.1341989,0.19569528
5997.6,0.219217,0.19138177
5998.4,0.27662885,0.18711923
5999.2,0.078216515,0.18343203
6000.0,0.07902804,0.18071972
6000.8,0.22231363,0.17927201
6001.6,0.20562215,0.17930123
6002.4,0.30828992,0.18097003
6003.2,0.036331143,0.18436818
6004.0,0.16820668,0.18943338
6004.8,0.047042474,0.19587164
6005.6,0.2904962,0.20310067
6006.4,0.24710546,0.21030454
6007.2,0.13198511,0.21659482
6008.0,0.3631189,0.22120017
6008.8,0.38929945,0.22369292
6009.6,0.10827407,0.22410624
6010.4,0.24739815,0.22292079
6011.2,0.26909846,0.22092292
6012.0,0.15055358,0.21897961
6012.8,0.14296503,0.21776485
6013.6,0.22393851,0.21755338
6014.4,0.18788654,0.21812423
6015.2,0.21239035,0.2188111
6016.0,0.21824159,0.21867841
6016.8,0.22021289,0.2168289
6017.6,0.35429808,0.2126917
6018.4,0.36527944,0.20629124
6019.2,0.1654343,0.19829237
6020.0,0.18568946,0.18990953
6020.8,0.08793091,0.18261182
6021.6,0.01230752,0.17777239
6022.4,0.13568577,0.17636679
6023.2,0.19466761,0.1787539
6024.0,0.15600768,0.18463099
6024.8,0.25283864,0.19312814
6025.6,0.114331044,0.2029774
6026.4,0.16908742,0.21274558
6027.2,0.24615045,0.22107069
6028.0,0.36746246,0.22690573
6028.8,0.3538433,0.22966932
6029.6,0.29853082,0.22933339
6030.4,0.1462218,0.22638439
6031.2,0.19251813,0.2216515
6032.0,0.20111062,0.21611452
6032.8,0.1914978,0.21067227
6033.6,0.1951556,0.20598249
6034.4,0.19302005,0.20242164
6035.2,0.23667017,0.20008653
6036.0,0.10326142,0.19886246
6036.8,0.23238654,0.19849831
6037.6,0.23748785,0.19866112
6038.4,0.15008697,0.19899468
6039.2,0.24072401,0.19915292
6040.0,0.12011855,0.19884928
6040.8,0.26853952,0.19791232
6041.6,0.26648104,0.19631395
6042.4,0.16935784,0.19417614
6043.2,0.26732254,0.19172573
6044.0,0.04472657,0.18921068
6044.8,0.13471986,0.18683003
6045.6,0.25967312,0.18470241
6046.4,0.18942857,0.1828615
6047.2,0.19423527,0.18131597
6048.0,0.1774162,0.1801096
6048.8,0.2197009,0.17934269
6049.6,0.1847993,0.17912994
6050.4,0.018661313,0.17952885
6051.2,0.22058693,0.18048383
6052.0,0.16961966,0.18178795
6052.8,0.21388577,0.18312964
6053.6,0.25115082,0.18421423
6054.4,0.18465894,0.18486644
6055.2,0.14242631,0.1851286
6056.0,0.2668659,0.1852785
6056.8,0.1497092,0.1857664
6057.6,0.0947458,0.18710987
6058.4,0.23749278,0.18971244
6059.2,0.19821927,0.19376868
6060.0,0.10266818,0.19915728
6060.8,0.115299396,0.20543547
6061.6,0.32567498,0.21192296
6062.4,0.26169443,0.21781938
6063.2,0.213091,0.22237113
6064.0,0.29346344,0.22499616
6064.8,0.28662512,0.22534968
6065.6,0.16045398,0.22335505
6066.4,0.19435471,0.21914715
6067.2,0.31290352,0.21303357
6068.0,0.21896775,0.20543091
6068.8,0.17562503,0.19681825
6069.6,0.16433357,0.18768865
6070.4,0.2796031,0.17849861
6071.2,0.042410757,0.16959928
6072.0,0.15273173,0.16122562
6072.8,0.12980124,0.15350865
6073.6,0.118837506,0.14654213
6074.4,0.2660929,0.14047483
6075.2,0.1568608,0.13560015
6076.0,0.074532345,0.13237923
6076.8,0.06703521,0.13136424
6077.6,0.07083953,0.13305585
6078.4,0.10926678,0.13777508
6079.2,0.08394111,0.14551769
6080.0,0.17389359,0.155933
6080.8,0.14895852,0.16834457
6081.6,0.15732826,0.1818708
6082.4,0.24115434,0.19552825
6083.2,0.2880501,0.20835936
6084.0,0.15026751,0.21951325
6084.8,0.24907304,0.22830509
6085.6,0.27125746,0.23423514
6086.4,0.35880056,0.23701467
6087.2,0.26621023,0.23654012
6088.0,0.19568725,0.2328652
6088.8,0.18627554,0.22616805
6089.6,0.3513007,0.21670085
6090.4,0.15166697,0.20478356
6091.2,0.264962,0.19081885
6092.0,0.08038466,0.17532863
6092.8,0.29749095,0.15896565
6093.6,0.14096022,0.14252248
6094.4,0.106158406,0.12684388
6095.2,0.0026282948,0.11273878
6096.0,0.03152676,0.1008497
6096.8,0.1200489,0.091561794
6097.6,0.06084526,0.08496426
6098.4,0.072188094,0.08084269
6099.2,0.06677723,0.07877814
6100.0,0.0432399,0.07823892
6100.8,0.043834727,0.07872216
6101.6,0.11323603,0.07986475
6102.4,0.15208192,0.081518374
6103.2,0.13026254,0.08376225
6104.0,0.026570603,0.086840205
6104.8,0.08675837,0.09100224
6105.6,-0.12478929,0.09637853
6106.4,0.20351851,0.10283308
6107.2,0.10397275,0.10996924
6108.0,0.18959509,0.117174566
6108.8,0.1449628,0.12378067
6109.6,0.048016645,0.1292258
6110.4,0.23835531,0.13316599
6111.2,0.1703808,0.13553786
6112.0,0.18611789,0.13653082
6112.8,0.07022933,0.13651535
6113.6,0.04441092,0.13596007
6114.4,0.19118448,0.13533592
6115.2,0.20071979,0.13506053
6116.0,0.14002416,0.13546585
6116.8,0.08803776,0.13676392
6117.6,0.01846784,0.13904777
6118.4,0.15523681,0.14229754
6119.2,0.19142835,0.14641342
6120.0,0.23367104,0.15122469
6120.8,0.15913627,0.15655264
6121.6,0.011936055,0.16218597
6122.4,0.20302798,0.16790609
6123.2,0.19146888,0.17348965
6124.0,0.18323465,0.17873447
6124.8,0.24264738,0.18352354
6125.6,0.15789591,0.18784082
6126.4,0.26278594,0.19177762
6127.2,0.20101216,0.19545345
6128.0,0.08857684,0.19890979
6128.8,0.19412759,0.20200701
6129.6,0.18259186,0.2043897
6130.4,0.21106182,0.20555079
6131.2,0.29779828,0.20498876
6132.0,0.34231725,0.20239986
6132.8,0.20080839,0.19782221
6133.6,0.17173254,0.1916691
6134.4,0.13508758,0.18464527
6135.2,0.13162275,0.17759168
6136.0,0.18727688,0.17127357
6136.8,0.15569995,0.16627076
6137.6,0.14916451,0.16288285
6138.4,0.10661327,0.16114028
6139.2,0.13738078,0.16087262
6140.0,0.18332548,0.16177066
6140.8,0.23243709,0.16347282
6141.6,0.11643043,0.16559356
6142.4,0.13227573,0.1677425
6143.2,0.18956693,0.16954884
6144.0,0.1528178,0.17067078
6144.8,0.22640866,0.17083909
6145.6,0.20672584,0.16989388
6146.4,0.20870057,0.16783747
6147.2,0.070052825,0.16484018
6148.0,0.27112153,0.16122872
6148.8,0.10095914,0.15742372
6149.6,0.12672822,0.15386453
6150.4,0.1733994,0.15091343
6151.2,0.11378237,0.1488052
6152.0,0.14368278,0.14761299
6152.8,0.08520129,0.14726646
6153.6,0.15898949,0.14758417
6154.4,0.2324929,0.14833644
6155.2,0.17138955,0.14928718
6156.0,0.087896295,0.15020469
6156.8,0.062146865,0.15088156
6157.6,0.23559557,0.15114567
6158.4,0.17857829,0.15085335
6159.2,0.1811557,0.14991999
6160.0,0.15523261,0.14834814
6160.8,0.11468338,0.14624897
6161.6,0.08093784,0.14384146
6162.4,0.2537488,0.14143811
6163.2,0.11396669,0.13939892
6164.0,0.13058268,0.13805878
6164.8,0.07144293,0.13765088
6165.6,0.17408665,0.1382211
6166.4,0.05884089,0.13957645
6167.2,0.09114905,0.14129344
6168.0,0.24544677,0.14278886
6168.8,0.20675737,0.14346473
6169.6,0.05989616,0.1428449
6170.4,0.20885225,0.14070347
6171.2,0.26033205,0.13710205
6172.0,0.11289082,0.13234097
6172.8,0.051884137,0.12679894
6173.6,0.03370001,0.12078375
6174.4,0.18509796,0.11440477
6175.2,0.015457187,0.1075756
6176.0,0.19881172,0.100089945
6176.8,0.15901926,0.091806345
6177.6,0.104427785,0.08276992
6178.4,0.12554525,0.07330946
6179.2,-0.010439663,0.06398136
6180.0,0.01676082,0.05546351
6180.8,-0.085757844,0.0483912
6181.6,0.07929584,0.043259785
6182.4,0.10243048,0.040385105
6183.2,0.058107935,0.03989161
6184.0,-0.04983079,0.041766338
6184.8,-0.0037616957,0.045880314
6185.6,0.016785325,0.05195987
6186.4,0.12445051,0.05956274
6187.2,-0.012031796,0.06805579
6188.0,0.12594374,0.07663981
6188.8,0.05248741,0.08445314
6189.6,0.14683297,0.09069994
6190.4,0.095383525,0.09485759
6191.2,0.2054624,0.0968073
6192.0,0.17669989,0.09693394
6192.8,0.1249586,0.096076295
6193.6,-0.015204728,0.095354885
6194.4,-0.038882952,0.09591283
6195.2,0.18963163,0.09861381
6196.0,0.0043722163,0.10381182
6196.8,0.031443372,0.11124164
6197.6,0.15057334,0.12007709
6198.4,0.07631847,0.12916578
6199.2,0.21330397,0.13737686
6200.0,0.28615972,0.14393823
6200.8,0.22866164,0.14867349
6201.6,0.19016336,0.15203846
6202.4,0.0878083,0.15496667
6203.2,0.115956664,0.15849246
6204.0,-0.03271949,0.16339517
6204.8,0.12385149,0.16988805
6205.6,0.20069784,0.1775542
6206.4,0.2759619,0.18546543
6207.2,0.24977997,0.19248044
6208.0,0.27028093,0.19756296
6208.8,0.18904136,0.20003648
6209.6,0.27205423,0.19969891
6210.4,0.20408551,0.19679664
6211.2,0.110097304,0.19191828
6212.0,0.16717659,0.18589462
6212.8,0.31602305,0.17965166
6213.6,0.19978999,0.17414975
6214.4,0.028686432,0.17026469
6215.2,0.16469374,0.1686796
6216.0,0.06166793,0.16976655
6216.8,0.1740773,0.17349541
6217.6,0.14064288,0.1794119
