desi_paper_data/Figure3_lae.ecsv
# %ECSV 1.0
# ---
# datatype:
# - {name: lambda, datatype: float32}
# - {name: RawFlux, datatype: float32}
# - {name: SmoothedFlux, datatype: float32}
# delimiter: ','
# schema: astropy-2.0
lambda,RawFlux,SmoothedFlux
[from data line 537]
4029.6,0.21847321,0.07840264
4030.4,0.22237854,0.08546144
4031.2,0.16930488,0.09477438
4032.0,0.31573242,0.10454002
4032.8,0.110460624,0.113676935
4033.6,-0.18489665,0.121890545
4034.4,0.44616774,0.1295519
4035.2,0.12775114,0.1371651
4036.0,-0.25740486,0.14491238
4036.8,0.10206747,0.15223639
4037.6,0.538635,0.1579044
4038.4,-0.07681808,0.16029222
4039.2,0.40760708,0.15796213
4040.0,0.19272432,0.15026431
4040.8,0.271902,0.13776368
4041.6,0.44544527,0.122218736
4042.4,0.27387527,0.10614326
4043.2,-0.4980601,0.09196354
4044.0,-0.35639325,0.08120606
4044.8,-0.23921858,0.07396903
4045.6,0.40561655,0.06900158
4046.4,0.3466688,0.0643361
4047.2,0.68982327,0.058204226
4048.0,-0.47023234,0.049853496
4048.8,0.28460923,0.039955314
4049.6,-0.042740967,0.030335104
4050.4,-0.22939537,0.023389636
4051.2,-0.23785034,0.021258904
4052.0,0.08178092,0.025141073
4052.8,0.030909022,0.034917712
4053.6,0.14822294,0.049178474
4054.4,-0.24662194,0.065615
4055.2,0.05385213,0.08161336
4056.0,0.32010704,0.09499908
4056.8,0.3963768,0.104624026
4057.6,0.32900712,0.110665135
4058.4,0.23195213,0.11453789
4059.2,-0.11896858,0.11833912
4060.0,-0.3472716,0.124066055
4060.8,-0.08991746,0.13280633
4061.6,0.38111442,0.14434494
4062.4,0.09321337,0.15708345
4063.2,0.42375302,0.1686554
4064.0,0.35494944,0.17655452
4064.8,-0.07784086,0.1789158
4065.6,0.5981117,0.17500547
4066.4,0.08810048,0.16539972
4067.2,0.37601015,0.15178636
4068.0,0.0062922607,0.13653103
4068.8,-0.07437488,0.12213461
4069.6,-0.06290251,0.11073016
4070.4,0.16814956,0.10372337
4071.2,0.061985064,0.10162665
4072.0,0.08620365,0.10405974
4072.8,0.070572205,0.109919965
4073.6,0.0045535956,0.117614806
4074.4,0.2822417,0.12526575
4075.2,0.10527642,0.13095555
4076.0,0.2121976,0.13299115
4076.8,0.15416026,0.13006979
4077.6,0.26937425,0.12159358
4078.4,0.1866627,0.10781202
4079.2,0.086677045,0.089902274
4080.0,0.24849111,0.06995996
4080.8,-0.07810726,0.05059471
4081.6,0.031969067,0.03461303
4082.4,-0.22801717,0.024428356
4083.2,-0.2724547,0.021594774
4084.0,0.11666882,0.026564827
4084.8,0.060172282,0.038638953
4085.6,-0.24496426,0.05623759
4086.4,0.2137949,0.077362694
4087.2,0.34463972,0.10005782
4088.0,0.03648372,0.12273948
4088.8,0.3200342,0.14438586
4089.6,0.046433814,0.16433857
4090.4,0.13003449,0.18210664
4091.2,0.0758415,0.19705568
4092.0,0.09841642,0.20833482
4092.8,0.7478224,0.2149734
4093.6,0.17155026,0.21615103
4094.4,0.15080765,0.21153235
4095.2,0.47608417,0.201492
4096.0,0.0516322,0.18710424
4096.8,0.35896537,0.16993076
4097.6,0.05268295,0.15162519
4098.4,-0.17590173,0.13354254
4099.2,0.090271175,0.11643046
4100.0,0.36759672,0.10035473
4100.8,-0.1410906,0.08486947
4101.6,0.24198988,0.06931726
4102.4,0.0016798824,0.053132758
4103.2,0.26134154,0.03611974
4104.0,-0.0106597,0.018506829
4104.8,-0.215205,0.0009072293
4105.6,-0.04139511,-0.01582354
4106.4,0.081322305,-0.030818881
4107.2,-0.21262473,-0.04327431
4108.0,0.1729962,-0.052644227
4108.8,-0.21244542,-0.05867341
4109.6,-0.1988063,-0.06145444
4110.4,-0.14451638,-0.06145587
4111.2,-0.061730355,-0.059411574
4112.0,0.014786919,-0.05618042
4112.8,0.13655555,-0.05247859
4113.6,-0.17457324,-0.048628025
4114.4,-0.07559632,-0.044400927
4115.2,0.07963952,-0.03913932
4116.0,0.024356496,-0.031916328
4116.8,-0.11192417,-0.022050962
4117.6,-0.4349735,-0.009489619
4118.4,0.12948154,0.0049077948
4119.2,-0.0939151,0.019393174
4120.0,0.1124468,0.031752247
4120.8,0.29682767,0.039907426
4121.6,0.36499527,0.042547226
4122.4,0.06319474,0.039606135
4123.2,0.049150456,0.0322225
4124.0,-0.061128616,0.02247571
4124.8,-0.18647192,0.012741571
4125.6,-0.112994194,0.0051141623
4126.4,-0.10485169,0.00094740384
4127.2,0.27103132,0.00070124055
4128.0,-0.194584,0.0039942474
4128.8,0.06713574,0.009810106
4129.6,0.02556141,0.016738212
4130.4,-0.13975808,0.023127744
4131.2,0.17458312,0.027317943
4132.0,0.04238979,0.0278123
4132.8,0.13942821,0.023649272
4133.6,0.12285283,0.014655396
4134.4,0.002498774,0.0017391839
4135.2,0.2985582,-0.013032498
4136.0,-0.23145762,-0.026641902
4136.8,-0.06830783,-0.03561519
4137.6,-0.3349777,-0.036798477
4138.4,-0.19461454,-0.028064525
4139.2,-0.18276067,-0.0089780195
4140.0,-0.1755621,0.018996142
4140.8,0.062065978,0.052651677
4141.6,0.031474467,0.08768287
4142.4,0.4958415,0.119494505
4143.2,0.3045292,0.14417294
4144.0,0.49509794,0.15911175
4144.8,0.07379527,0.16334721
4145.6,0.14897516,0.15753399
4146.4,0.32795128,0.14355966
4147.2,0.16581471,0.12403111
4148.0,-0.03267246,0.10175084
4148.8,-0.21228653,0.079313844
4149.6,0.51456106,0.058795765
4150.4,-0.19894591,0.041558355
4151.2,-0.025087388,0.028238587
4152.0,-0.27112165,0.018754227
4152.8,0.023204613,0.01245211
4153.6,0.18393357,0.008304057
4154.4,0.2163025,0.0051947595
4155.2,-0.2271241,0.0021480282
4156.0,0.022545202,-0.0015393437
4156.8,0.107194036,-0.0061735027
4157.6,-0.07782619,-0.011692091
4158.4,-0.14014721,-0.017752722
4159.2,0.17111449,-0.023763252
4160.0,0.08447547,-0.028962962
4160.8,-0.34427035,-0.032548323
4161.6,0.06495181,-0.033850387
4162.4,0.010953446,-0.032519884
4163.2,-0.19203238,-0.028670628
4164.0,-0.26907042,-0.022869516
4164.8,0.07076859,-0.01603325
4165.6,0.28782707,-0.009112144
4166.4,-0.03979058,-0.0028492485
4167.2,0.11251067,0.002370521
4168.0,0.19392475,0.0064541986
4168.8,-0.34214038,0.00942778
4169.6,-0.53992355,0.011177485
4170.4,0.5627332,0.011409074
4171.2,0.1725186,0.009756164
4172.0,0.11384445,0.0060666776
4172.8,0.028498594,0.00063226005
4173.6,-0.12052019,-0.0056534167
4174.4,-0.13671014,-0.011448611
4175.2,-0.08571566,-0.01530338
4176.0,0.17440388,-0.0160172
4176.8,-0.1939656,-0.013005746
4177.6,-0.1502382,-0.0064798067
4178.4,-0.1742384,0.0026000058
4179.2,0.19127129,0.012825905
4180.0,0.23773055,0.022726461
4180.8,-0.08238116,0.031138642
4181.6,0.15003261,0.03752296
4182.4,0.24097103,0.04200948
4183.2,-0.0043995488,0.045224402
4184.0,-0.3301208,0.047946718
4184.8,0.15614508,0.05086693
4185.6,0.0054357606,0.054259777
4186.4,0.09738872,0.0580653
4187.2,0.25992522,0.0619692
4188.0,0.098088436,0.06566511
4188.8,-0.17149904,0.06901969
4189.6,0.07418896,0.07212841
4190.4,0.34759653,0.07529967
4191.2,-0.01725488,0.07886895
4192.0,-0.13220522,0.08305993
4192.8,0.115026325,0.08787731
4193.6,0.17189309,0.09306471
4194.4,0.13467062,0.09818315
4195.2,-0.037704542,0.10270697
4196.0,0.32215506,0.10621922
4196.8,0.055818032,0.10847543
4197.6,0.24003978,0.1094242
4198.4,-0.13077177,0.109140165
4199.2,0.32041043,0.107711606
4200.0,-0.039237514,0.10511745
4200.8,0.06444707,0.10116714
4201.6,0.26761213,0.09558741
4202.4,0.0040403665,0.088137805
4203.2,0.120765775,0.07882658
4204.0,0.27380335,0.068090476
4204.8,-0.028680176,0.056749653
4205.6,0.112208754,0.04592285
4206.4,-0.1702205,0.036795404
4207.2,-0.032130715,0.030327924
4208.0,-0.13654664,0.027101079
4208.8,0.13868482,0.027163053
4209.6,0.14849074,0.03007053
4210.4,-0.0055451565,0.03499291
4211.2,0.058460254,0.040818274
4212.0,-0.30340973,0.04634313
4212.8,0.14913286,0.050450716
4213.6,0.23960108,0.052339822
4214.4,0.4877952,0.051676854
4215.2,-0.013243263,0.048649795
4216.0,-0.418052,0.04384933
4216.8,0.2736198,0.038072377
4217.6,-0.1394843,0.03204975
4218.4,-0.044212982,0.026277816
4219.2,0.3844616,0.021013072
4220.0,-0.235794,0.01636222
4220.8,0.16361225,0.012426585
4221.6,-0.03667538,0.009383125
4222.4,-0.055516418,0.007475269
4223.2,-0.10795863,0.006961841
4224.0,0.0735129,0.007972574
4224.8,-0.033986263,0.010458648
4225.6,0.16688707,0.014216846
4226.4,-0.22588289,0.018902639
4227.2,0.09512956,0.024190618
4228.0,0.28830203,0.029774621
4228.8,-0.30680504,0.035480984
4229.6,0.10645653,0.04123975
4230.4,0.2907057,0.04708817
4231.2,-0.15395148,0.053188242
4232.0,0.10138051,0.059693433
4232.8,-0.068547584,0.06674637
4233.6,0.27147034,0.07444769
4234.4,0.07681032,0.08274272
4235.2,-0.14329126,0.091472745
4236.0,0.19474077,0.100323595
4236.8,0.20333809,0.108888395
4237.6,0.09498112,0.116694845
4238.4,0.18538144,0.12324099
4239.2,-0.068718284,0.12807813
4240.0,0.3724036,0.13083693
4240.8,0.13143906,0.13125874
4241.6,0.1396823,0.129288
4242.4,0.08595244,0.12510167
4243.2,0.058424488,0.11913857
4244.0,0.31160396,0.112145044
4244.8,0.2100494,0.10507531
4245.6,-0.098502316,0.09889154
4246.4,0.023276458,0.09438737
4247.2,0.05541268,0.09187146
4248.0,0.04028044,0.09114576
4248.8,-0.09062754,0.09151927
4249.6,0.15809633,0.09208339
4250.4,0.5655541,0.092062525
4251.2,-0.0104032485,0.091045305
4252.0,0.13238065,0.0890396
4252.8,-0.07224616,0.08634308
4253.6,-0.15083288,0.083272144
4254.4,0.10176109,0.079953164
4255.2,0.1454416,0.07629037
4256.0,0.29615858,0.07211188
4256.8,0.1922576,0.06741559
4257.6,-0.00033227634,0.062554024
4258.4,-0.25377378,0.05835234
4259.2,0.2705062,0.055897705
4260.0,-0.1062715,0.056328956
4260.8,0.08731989,0.060547106
4261.6,0.05338189,0.068888515
4262.4,-0.029934049,0.08099253
4263.2,-0.04384159,0.095741645
4264.0,0.12012077,0.11140545
4264.8,0.1516441,0.12593773
4265.6,0.18754219,0.13735949
4266.4,0.61669445,0.14420691
4267.2,0.065069854,0.14578521
4268.0,0.09111351,0.14230081
4268.8,0.12276666,0.13472149
4269.6,0.23966463,0.12449254
4270.4,-0.21787181,0.113205574
4271.2,0.43923116,0.10225061
4272.0,0.037663125,0.09262479
4272.8,-0.1814917,0.084786214
4273.6,0.23568177,0.0787041
4274.4,-0.092222214,0.07393964
4275.2,0.0047358028,0.069903985
4276.0,0.24459957,0.06613798
4276.8,0.32268605,0.06251707
4277.6,-0.047377475,0.059361078
4278.4,-0.045291126,0.0572959
4279.2,0.048694775,0.05700097
4280.0,-0.21522027,0.058895983
4280.8,0.057519138,0.062978856
4281.6,0.09652266,0.06879867
4282.4,0.16109334,0.07574568
4283.2,0.37515566,0.083337314
4284.0,-0.027618723,0.09142995
4284.8,0.008457686,0.100235224
4285.6,0.014116385,0.110233404
4286.4,0.014365702,0.12180172
4287.2,0.24710664,0.13496755
4288.0,0.059431583,0.1492668
4288.8,0.25526914,0.16370264
4289.6,0.091311626,0.17691197
4290.4,0.33788493,0.18741985
4291.2,0.14864591,0.19389966
4292.0,0.23747253,0.19542246
4292.8,0.4053734,0.19162932
4293.6,0.4221081,0.18281673
4294.4,-0.014857561,0.16983387
4295.2,-0.104104176,0.15397978
4296.0,0.35352877,0.13675788
4296.8,0.29597318,0.11963708
4297.6,-0.10378337,0.10387368
4298.4,-0.02299496,0.090357274
4299.2,0.046874005,0.07956271
4300.0,0.0642127,0.071523964
4300.8,0.04779346,0.06593763
4301.6,0.18162806,0.062249664
4302.4,0.0021240325,0.059779704
4303.2,0.017236944,0.057864364
4304.0,-0.06061863,0.055963267
4304.8,0.19716959,0.053812057
4305.6,0.07092079,0.051435187
4306.4,0.25079337,0.04912042
4307.2,-0.072154604,0.04728476
4308.0,-0.15661795,0.04618382
4308.8,0.07736055,0.04568132
4309.6,0.019619958,0.045098446
4310.4,-0.14660637,0.043314315
4311.2,0.16054493,0.039062932
4312.0,0.5082191,0.03135814
4312.8,0.016839268,0.019995565
4313.6,0.016481407,0.005704753
4314.4,-0.17799732,-0.0098911915
4315.2,-0.023172544,-0.02459337
4316.0,-0.055154223,-0.03609883
4316.8,-0.2994479,-0.042394523
4317.6,-0.10864081,-0.042075664
4318.4,0.09000309,-0.034500457
4319.2,-0.14869907,-0.019830307
4320.0,0.08636952,0.000972738
4320.8,-0.30544138,0.026217714
4321.6,-0.06485791,0.05361257
4322.4,0.16926801,0.08057849
4323.2,0.32260302,0.10463692
4324.0,0.55779666,0.123885386
4324.8,-0.09390559,0.13731304
4325.6,0.27696434,0.14498395
4326.4,0.16685309,0.14787538
4327.2,0.055549238,0.14745735
4328.0,0.31249028,0.14530833
4328.8,-0.1681143,0.14269741
4329.6,0.09258647,0.14042401
4330.4,0.24066287,0.13884251
4331.2,0.33431232,0.13798623
4332.0,0.08298298,0.13781522
4332.8,0.11953143,0.1382881
4333.6,0.069025025,0.13934197
4334.4,-0.026941102,0.14079253
4335.2,0.30991822,0.14214447
4336.0,0.055542555,0.14257504
4336.8,0.3192523,0.14102334
4337.6,-0.008396022,0.13640286
4338.4,0.11606372,0.12797843
4339.2,0.4845033,0.11555623
4340.0,0.19983089,0.09971251
4340.8,0.09619908,0.081640765
4341.6,-0.13464919,0.06291549
4342.4,-0.2729646,0.045056872
4343.2,0.19844346,0.029168209
4344.0,-0.009898647,0.015772698
4344.8,0.11303809,0.0048199864
4345.6,-0.13910998,-0.0040902947
4346.4,-0.10597851,-0.011424926
4347.2,0.1239858,-0.017367514
4348.0,0.12396818,-0.021655407
4348.8,-0.111799374,-0.023612035
4349.6,-0.030761572,-0.022290686
4350.4,-0.39226255,-0.016795583
4351.2,0.13405629,-0.0065584444
4352.0,-0.010908114,0.008381426
4352.8,-0.012606548,0.027379623
4353.6,-0.34619156,0.049368992
4354.4,0.4177395,0.073130086
4355.2,0.32130414,0.09761923
4356.0,0.1596155,0.12213194
4356.8,-0.040385023,0.14629947
4357.6,0.0288034,0.16990438
4358.4,0.357072,0.19249661
4359.2,0.058086965,0.21316679
4360.0,0.09868409,0.230448
4360.8,0.6128259,0.24249935
4361.6,0.509812,0.24751553
4362.4,0.07949264,0.24424702
4363.2,0.10810258,0.23249355
4364.0,0.6754729,0.21340847
4364.8,0.6266635,0.18941785
4365.6,-0.012631514,0.16386531
4366.4,-0.39154762,0.14028984
4367.2,-0.18634576,0.12164769
4368.0,0.23868093,0.109666534
4368.8,0.112248614,0.10461752
4369.6,-0.106870465,0.1054385
4370.4,0.20348202,0.11026025
4371.2,0.2803138,0.11705807
4372.0,0.1592668,0.12423287
4372.8,0.19093977,0.13092914
4373.6,0.15369989,0.1370052
4374.4,0.05571771,0.14279862
4375.2,-0.041931164,0.14879648
4376.0,0.117496885,0.15528756
4376.8,0.34738478,0.16222787
4377.6,0.26427135,0.16929011
4378.4,-0.021238096,0.1760231
4379.2,0.22172311,0.18198092
4380.0,0.30124146,0.18680395
4380.8,0.34046683,0.19025639
4381.6,0.04467227,0.1921121
4382.4,0.03475637,0.1920923
4383.2,0.19874988,0.18983991
4384.0,0.31012797,0.18505518
4384.8,0.36949724,0.177681
4385.6,0.27264085,0.16809073
4386.4,0.15088731,0.15707463
4387.2,-0.058860183,0.14573331
4388.0,0.12729415,0.13518399
4388.8,0.099302866,0.12625176
4389.6,-0.012665669,0.11929972
4390.4,0.023747813,0.11427243
4391.2,0.29547068,0.110855155
4392.0,0.3791026,0.10875689
4392.8,-0.11578484,0.10784959
4393.6,0.08692605,0.10822968
4394.4,0.0180319,0.11005951
4395.2,0.0543442,0.11336445
4396.0,0.0376679,0.11790014
4396.8,0.31466687,0.12312116
4397.6,-0.011458339,0.12836428
4398.4,0.3603297,0.1329859
4399.2,0.123505406,0.1365782
4400.0,0.037648596,0.13902906
4400.8,0.20820017,0.14048363
4401.6,0.14810596,0.14123419
4402.4,-0.01693876,0.14160651
4403.2,0.3142722,0.14185633
4404.0,0.042117864,0.14214472
4404.8,0.2679137,0.14251831
4405.6,0.08830675,0.14298135
4406.4,0.045774486,0.14345945
4407.2,0.2055756,0.14381972
4408.0,0.085064754,0.14389184
4408.8,0.376699,0.14346658
4409.6,-0.12342784,0.14234218
4410.4,0.3147982,0.14034441
4411.2,0.07154104,0.1374416
4412.0,0.11332625,0.13370183
4412.8,0.2625608,0.12932838
4413.6,0.16563179,0.124547966
4414.4,0.07503283,0.11949066
4415.2,-0.037993863,0.11411701
4416.0,-0.05242785,0.10819381
4416.8,0.3412359,0.101434
4417.6,0.0503347,0.09371878
4418.4,0.4032248,0.08532579
4419.2,0.0560535,0.07700863
4420.0,-0.014557117,0.069876865
4420.8,-0.19641437,0.06508328
4421.6,-0.11512229,0.06346032
4422.4,0.23760067,0.065226406
4423.2,-0.1075642,0.0699708
4424.0,0.20437971,0.076770686
4424.8,0.20725116,0.08459588
4425.6,0.029127378,0.092530504
4426.4,0.18619484,0.099998124
4427.2,0.05836786,0.10672312
4428.0,0.068183094,0.11257418
4428.8,0.012310747,0.117358245
4429.6,0.29959905,0.12069095
4430.4,-0.060503695,0.12200585
4431.2,0.3312132,0.12072419
4432.0,0.16646652,0.11637101
4432.8,0.19155098,0.10884684
4433.6,0.12381391,0.098420136
4434.4,0.057261482,0.08571881
4435.2,-0.032919753,0.071619906
4436.0,0.101204105,0.05708747
4436.8,-0.07656878,0.04309429
4437.6,0.252797,0.030513797
4438.4,0.0022937653,0.020022156
4439.2,-0.050640035,0.011991322
4440.0,-0.23607528,0.006355587
4440.8,-0.0694902,0.002566218
4441.6,0.0702166,-0.0003504668
4442.4,0.059814103,-0.0034985344
4443.2,-0.0024273666,-0.0077728364
4444.0,0.40276712,-0.013464355
4444.8,-0.19703326,-0.020100288
4445.6,-0.10001674,-0.026450502
4446.4,-0.06732216,-0.030881617
4447.2,-0.26078427,-0.031811535
4448.0,0.10252927,-0.028188277
4448.8,-0.119781114,-0.019848669
4449.6,-0.34809312,-0.007631028
4450.4,0.25336516,0.0067749075
4451.2,0.053168166,0.021131983
4452.0,0.019819401,0.0331842
4452.8,0.18150215,0.041087255
4453.6,0.27079788,0.04382671
4454.4,-0.03609193,0.041404936
4455.2,0.1227791,0.03484214
4456.0,0.06336424,0.025888355
